日期,商品名稱,身份別,多方交易口數,多方交易契約金額(千元),空方交易口數,空方交易契約金額(千元),多空交易口數淨額,多空交易契約金額淨額(千元),多方未平倉口數,多方未平倉契約金額(千元),空方未平倉口數,空方未平倉契約金額(千元),多空未平倉口數淨額,多空未平倉契約金額淨額(千元)
2015/8/24,小型臺指期貨,自營商,37726,13791022,31217,11422706,6509,2368316,14782,5426150,11284,4139707,3498,1286443
2015/8/24,小型臺指期貨,投信,536,196486,404,148702,132,47784,207,76021,0,0,207,76021
2015/8/24,小型臺指期貨,外資及陸資,83519,30640351,80000,29348084,3519,1292268,801,293839,4189,1536471,-3388,-1242632
2015/8/25,小型臺指期貨,自營商,15170,5660379,14886,5562970,284,97409,16720,6328928,12938,4895154,3782,1433774
2015/8/25,小型臺指期貨,投信,368,138060,268,100508,100,37552,207,78370,0,0,207,78370
2015/8/25,小型臺指期貨,外資及陸資,51180,19146461,50132,18762542,1048,383919,728,275437,4196,1587719,-3468,-1312282
2015/8/26,小型臺指期貨,自營商,12790,4824703,13397,5060298,-607,-235594,8268,3142766,5483,2082382,2785,1060384
2015/8/26,小型臺指期貨,投信,468,176732,376,142134,92,34599,207,78732,0,0,207,78732
2015/8/26,小型臺指期貨,外資及陸資,53249,20090756,53714,20269460,-465,-178705,591,224443,4216,1602957,-3625,-1378514
2015/8/27,小型臺指期貨,自營商,12446,4777831,11439,4388669,1007,389163,10230,3925933,6558,2514068,3672,1411865
2015/8/27,小型臺指期貨,投信,292,112225,237,90863,55,21362,202,77558,0,0,202,77558
2015/8/27,小型臺指期貨,外資及陸資,40209,15433428,40064,15378746,145,54682,857,328180,4933,1893674,-4076,-1565494
2015/8/28,小型臺指期貨,自營商,13325,5232722,11989,4707002,1336,525720,11763,4627838,6995,2749922,4768,1877916
2015/8/28,小型臺指期貨,投信,324,127460,292,114696,32,12764,202,79497,0,0,202,79497
2015/8/28,小型臺指期貨,外資及陸資,41575,16330748,40763,16013446,812,317303,1455,570911,5563,2188930,-4108,-1618019
2015/8/31,小型臺指期貨,自營商,12576,4946951,12728,5009073,-152,-62122,13479,5371091,9843,3919960,3636,1451131
2015/8/31,小型臺指期貨,投信,268,105473,292,115054,-24,-9581,194,77338,0,0,194,77338
2015/8/31,小型臺指期貨,外資及陸資,35052,13778750,33999,13365156,1053,413594,1504,596386,5347,2130921,-3843,-1534535
2015/9/1,小型臺指期貨,自營商,9862,3883785,10929,4302064,-1067,-418279,13596,5319469,11007,4303100,2589,1016369
2015/9/1,小型臺指期貨,投信,312,123010,304,119694,8,3317,194,75941,16,6263,178,69678
2015/9/1,小型臺指期貨,外資及陸資,41399,16313631,42460,16733054,-1061,-419423,1438,559129,5542,2168599,-4104,-1609470
2015/9/2,小型臺指期貨,自營商,13272,5219284,13274,5228803,-2,-9520,9423,3735341,6768,2676794,2655,1058547
2015/9/2,小型臺指期貨,投信,340,133929,336,132852,4,1077,198,78586,28,11113,170,67473
2015/9/2,小型臺指期貨,外資及陸資,44972,17711477,42681,16818547,2291,892929,2230,878631,1501,595086,729,283545
2015/9/3,小型臺指期貨,自營商,9110,3613683,8682,3442618,428,171065,10167,4049044,7068,2808959,3099,1240085
2015/9/3,小型臺指期貨,投信,260,103368,236,93638,24,9731,198,78953,0,0,198,78953
2015/9/3,小型臺指期貨,外資及陸資,37031,14701610,37053,14711773,-22,-10163,2466,977108,1659,660882,807,316226
2015/9/4,小型臺指期貨,自營商,11017,4370189,11811,4681831,-794,-311643,10851,4277621,8334,3277232,2517,1000389
2015/9/4,小型臺指期貨,投信,283,112424,312,123738,-29,-11314,201,79335,0,0,201,79335
2015/9/4,小型臺指期貨,外資及陸資,45300,17986008,45972,18256112,-672,-270104,2472,967317,1657,653296,815,314021
2015/9/7,小型臺指期貨,自營商,11844,4693654,12535,4966237,-691,-272582,12564,4975361,10910,4315032,1654,660329
2015/9/7,小型臺指期貨,投信,264,104951,236,93583,28,11368,201,79697,0,0,201,79697
2015/9/7,小型臺指期貨,外資及陸資,42658,16924251,41651,16524956,1007,399295,2555,1005910,1501,594529,1054,411381
2015/9/8,小型臺指期貨,自營商,9197,3645992,8339,3305086,858,340906,14586,5806136,12090,4807773,2496,998363
2015/9/8,小型臺指期貨,投信,228,90590,216,85640,12,4950,201,80119,0,0,201,80119
2015/9/8,小型臺指期貨,外資及陸資,30104,11944719,30048,11922805,56,21913,2327,920526,1577,627983,750,292543
2015/9/9,小型臺指期貨,自營商,13201,5412283,14578,5991757,-1377,-579475,11333,4717751,10454,4350988,879,366763
2015/9/9,小型臺指期貨,投信,312,127987,68,27891,244,100096,201,83757,0,0,201,83757
2015/9/9,小型臺指期貨,外資及陸資,39325,16132406,38161,15665842,1164,466563,2473,1026245,1475,614250,998,411995
2015/9/10,小型臺指期貨,自營商,7655,3153811,10447,4304016,-2792,-1150206,10039,4145133,11932,4926129,-1893,-780996
2015/9/10,小型臺指期貨,投信,224,92572,220,90687,4,1885,201,83063,0,0,201,83063
2015/9/10,小型臺指期貨,外資及陸資,28828,11887535,31044,12801426,-2216,-913890,2268,933714,2458,1015378,-190,-81664
2015/9/11,小型臺指期貨,自營商,8707,3591508,8623,3556315,84,35193,11305,4667837,13102,5409109,-1797,-741272
2015/9/11,小型臺指期貨,投信,280,115697,196,80897,84,34800,201,83073,0,0,201,83073
2015/9/11,小型臺指期貨,外資及陸資,24787,10229615,25009,10320427,-222,-90812,2273,935396,2433,1005177,-160,-69781
2015/9/14,小型臺指期貨,自營商,12238,5058651,11186,4620229,1052,438421,12602,5209933,12355,5105025,247,104908
2015/9/14,小型臺指期貨,投信,276,114037,252,104187,24,9849,201,83164,0,0,201,83164
2015/9/14,小型臺指期貨,外資及陸資,29543,12216721,30106,12450336,-563,-233615,2256,928881,2591,1071565,-335,-142684
2015/9/15,小型臺指期貨,自營商,10055,4154772,12145,5012916,-2090,-858144,12467,5125029,14322,5882187,-1855,-757158
2015/9/15,小型臺指期貨,投信,181,74812,201,83013,-20,-8201,201,82694,0,0,201,82694
2015/9/15,小型臺指期貨,外資及陸資,27505,11378051,28312,11710111,-807,-332060,2253,920963,2583,1061970,-330,-141007
2015/9/16,小型臺指期貨,自營商,12708,5267754,11708,4853850,1000,413905,3329,1376977,4896,2022263,-1567,-645286
2015/9/16,小型臺指期貨,投信,236,97497,72,29930,164,67567,201,83174,0,0,201,83174
2015/9/16,小型臺指期貨,外資及陸資,28564,11835523,26090,10811240,2474,1024284,2270,936005,351,144979,1919,791026
2015/9/17,小型臺指期貨,自營商,8481,3571585,8989,3785924,-508,-214339,5179,2184848,7362,3103607,-2183,-918759
2015/9/17,小型臺指期貨,投信,284,119886,192,80958,92,38928,201,84832,0,0,201,84832
2015/9/17,小型臺指期貨,外資及陸資,33438,14100078,32363,13648616,1075,451462,2652,1116343,358,150859,2294,965484
2015/9/18,小型臺指期貨,自營商,5614,2365209,5488,2311036,126,54173,6031,2543382,8088,3409116,-2057,-865734
2015/9/18,小型臺指期貨,投信,180,75914,216,90937,-36,-15022,197,83114,0,0,197,83114
2015/9/18,小型臺指期貨,外資及陸資,26704,11254884,27746,11693092,-1042,-438208,2345,986841,433,182487,1912,804354
2015/9/21,小型臺指期貨,自營商,6974,2883747,8774,3629261,-1800,-745514,6381,2637658,9526,3934448,-3145,-1296790
2015/9/21,小型臺指期貨,投信,140,57878,200,82606,-60,-24728,197,81460,0,0,197,81460
2015/9/21,小型臺指期貨,外資及陸資,27623,11419488,29088,12027610,-1465,-608122,2179,897737,640,264377,1539,633360
2015/9/22,小型臺指期貨,自營商,4988,2072307,4345,1805791,643,266516,7234,3011986,9900,4119546,-2666,-1107560
2015/9/22,小型臺指期貨,投信,132,54912,52,21571,80,33341,197,82060,0,0,197,82060
2015/9/22,小型臺指期貨,外資及陸資,20007,8314919,19039,7912673,968,402246,2528,1049761,433,180094,2095,869667
2015/9/23,小型臺指期貨,自營商,8837,3617506,10842,4439651,-2005,-822145,2952,1201381,7546,3067692,-4594,-1866311
2015/9/23,小型臺指期貨,投信,180,73567,288,117808,-108,-44241,197,80199,0,0,197,80199
2015/9/23,小型臺指期貨,外資及陸資,22900,9374185,24775,10145836,-1875,-771651,2492,1011008,827,336417,1665,674591
2015/9/24,小型臺指期貨,自營商,8089,3290529,8574,3485172,-485,-194643,3420,1382909,8187,3307232,-4767,-1924323
2015/9/24,小型臺指期貨,投信,188,76285,312,126790,-124,-50505,197,79687,0,0,197,79687
2015/9/24,小型臺指期貨,外資及陸資,34262,13930735,34715,14112592,-453,-181857,2432,980355,820,331467,1612,648888
2015/9/25,小型臺指期貨,自營商,8805,3563028,8442,3413402,363,149626,4335,1758993,8835,3582183,-4500,-1823190
2015/9/25,小型臺指期貨,投信,348,140953,291,117662,57,23291,186,75507,0,0,186,75507
2015/9/25,小型臺指期貨,外資及陸資,39105,15818909,38606,15615722,499,203186,2468,998845,685,277908,1783,720937
2015/9/30,小型臺指期貨,自營商,11042,4462018,12430,5026684,-1388,-564666,2172,882144,9094,3695181,-6922,-2813037
2015/9/30,小型臺指期貨,投信,336,136063,208,84495,128,51568,186,75656,0,0,186,75656
2015/9/30,小型臺指期貨,外資及陸資,37406,15147700,35903,14540103,1503,607597,2862,1161317,432,175442,2430,985875
2015/10/1,小型臺指期貨,自營商,13031,5356119,11048,4543742,1983,812376,6366,2642088,11305,4692006,-4939,-2049918
2015/10/1,小型臺指期貨,投信,372,153191,154,63542,218,89649,184,76424,0,0,184,76424
2015/10/1,小型臺指期貨,外資及陸資,37054,15244359,36149,14876980,905,367379,2726,1129186,475,197000,2251,932186
2015/10/2,小型臺指期貨,自營商,3758,1557005,5977,2475212,-2219,-918207,5650,2336742,12848,5314561,-7198,-2977819
2015/10/2,小型臺指期貨,投信,116,48138,148,61287,-32,-13149,184,76158,0,0,184,76158
2015/10/2,小型臺指期貨,外資及陸資,22064,9143544,23363,9681610,-1299,-538066,2201,908623,485,200506,1716,708117
2015/10/5,小型臺指期貨,自營商,8051,3351676,7511,3125328,540,226348,6792,2827208,13422,5587851,-6630,-2760643
2015/10/5,小型臺指期貨,投信,240,99975,208,86510,32,13465,184,76645,0,0,184,76645
2015/10/5,小型臺指期貨,外資及陸資,30673,12768792,31101,12946279,-428,-177487,2417,1004817,409,170196,2008,834621
2015/10/6,小型臺指期貨,自營商,10436,4387213,10254,4309341,182,77872,7863,3288218,14195,5936476,-6332,-2648258
2015/10/6,小型臺指期貨,投信,176,74010,236,99015,-60,-25005,184,76995,0,0,184,76995
2015/10/6,小型臺指期貨,外資及陸資,30368,12767895,30749,12927195,-381,-159300,2205,920640,506,211594,1699,709046
2015/10/7,小型臺指期貨,自營商,13312,5608306,10335,4358987,2977,1249319,7680,3258370,11820,5015821,-4140,-1757451
2015/10/7,小型臺指期貨,投信,292,123129,148,62686,144,60443,184,78117,8,3396,176,74721
2015/10/7,小型臺指期貨,外資及陸資,28202,11882334,26435,11141426,1767,740908,2720,1152973,578,245233,2142,907740
2015/10/8,小型臺指期貨,自營商,9504,4026067,11772,4986142,-2268,-960075,7361,3105303,13633,5752361,-6272,-2647058
2015/10/8,小型臺指期貨,投信,144,60895,240,101649,-96,-40754,184,77676,0,0,184,77676
2015/10/8,小型臺指期貨,外資及陸資,30735,13024315,31677,13426058,-942,-401743,2860,1205260,612,258164,2248,947096
2015/10/12,小型臺指期貨,自營商,12377,5278238,11690,4989237,687,289002,10114,4321565,15959,6821138,-5845,-2499573
2015/10/12,小型臺指期貨,投信,260,111114,216,92192,44,18922,184,78678,16,6842,168,71836
2015/10/12,小型臺指期貨,外資及陸資,28005,11951248,26586,11345898,1419,605349,3475,1483966,568,242703,2907,1241263
2015/10/13,小型臺指期貨,自營商,8817,3765415,8907,3802791,-90,-37377,11007,4706168,16942,7245093,-5935,-2538925
2015/10/13,小型臺指期貨,投信,196,83776,200,85404,-4,-1628,184,78724,0,0,184,78724
2015/10/13,小型臺指期貨,外資及陸資,20556,8778699,21536,9197533,-980,-418835,3419,1460863,660,282216,2759,1178647
2015/10/14,小型臺指期貨,自營商,8983,3827753,9189,3914415,-206,-86662,7078,3013196,13324,5673534,-6246,-2660338
2015/10/14,小型臺指期貨,投信,96,40968,192,81830,-96,-40862,184,78384,0,0,184,78384
2015/10/14,小型臺指期貨,外資及陸資,21340,9096100,21785,9286007,-445,-189908,3075,1307836,620,263937,2455,1043899
2015/10/15,小型臺指期貨,自營商,13405,5774998,14983,6456709,-1578,-681711,7138,3069693,14410,6200004,-7272,-3130311
2015/10/15,小型臺指期貨,投信,144,62150,112,48259,32,13891,184,79203,0,0,184,79203
2015/10/15,小型臺指期貨,外資及陸資,26803,11557735,26307,11344691,496,213044,3540,1521620,621,267081,2919,1254539
2015/10/16,小型臺指期貨,自營商,7237,3111091,8258,3549295,-1021,-438205,7135,3067913,14964,6436843,-7829,-3368930
2015/10/16,小型臺指期貨,投信,120,51645,136,58473,-16,-6829,184,79184,0,0,184,79184
2015/10/16,小型臺指期貨,外資及陸資,20400,8773168,20743,8921190,-343,-148021,3727,1601862,1003,431211,2724,1170651
2015/10/19,小型臺指期貨,自營商,11669,5033323,11519,4967276,150,66047,6939,2990465,13770,5935645,-6831,-2945180
2015/10/19,小型臺指期貨,投信,136,58683,144,62050,-8,-3367,184,79332,0,0,184,79332
2015/10/19,小型臺指期貨,外資及陸資,20273,8744171,19627,8464916,646,279255,4459,1921606,1037,446986,3422,1474620
2015/10/20,小型臺指期貨,自營商,7339,3172142,7678,3318278,-339,-146136,7734,3347160,14380,6224603,-6646,-2877443
2015/10/20,小型臺指期貨,投信,72,31135,124,53566,-52,-22431,184,79662,0,0,184,79662
2015/10/20,小型臺指期貨,外資及陸資,11796,5098943,11519,4979436,277,119508,4564,1975180,1009,436757,3555,1538423
2015/10/21,小型臺指期貨,自營商,10560,4558496,12320,5318776,-1760,-760280,2133,916857,5122,2203590,-2989,-1286733
2015/10/21,小型臺指期貨,投信,184,79499,104,44904,80,34596,184,79194,0,0,184,79194
2015/10/21,小型臺指期貨,外資及陸資,13956,6023746,16836,7269466,-2880,-1245720,1955,840619,911,392026,1044,448593
2015/10/22,小型臺指期貨,自營商,5749,2470198,5443,2336043,306,134154,2477,1062903,5800,2489255,-3323,-1426352
2015/10/22,小型臺指期貨,投信,148,63682,116,49864,32,13819,184,79074,0,0,184,79074
2015/10/22,小型臺指期貨,外資及陸資,18978,8161771,18102,7785278,876,376493,2030,871809,702,301642,1328,570167
2015/10/23,小型臺指期貨,自營商,6589,2868097,7208,3137212,-619,-269116,3295,1430602,7169,3113015,-3874,-1682413
2015/10/23,小型臺指期貨,投信,188,81741,180,78317,8,3424,184,79985,0,0,184,79985
2015/10/23,小型臺指期貨,外資及陸資,19085,8305891,19393,8439758,-308,-133868,2215,962386,947,411628,1268,550758
2015/10/26,小型臺指期貨,自營商,4717,2060017,5464,2385280,-747,-325262,3611,1575561,8236,3593081,-4625,-2017520
2015/10/26,小型臺指期貨,投信,64,27980,96,41896,-32,-13916,184,80344,0,0,184,80344
2015/10/26,小型臺指期貨,外資及陸資,14954,6530736,14859,6489288,95,41448,2291,1000184,904,394724,1387,605460
2015/10/27,小型臺指期貨,自營商,5789,2515393,7128,3097023,-1339,-581631,3837,1666944,9713,4219244,-5876,-2552300
2015/10/27,小型臺指期貨,投信,168,72981,168,72974,0,7,184,79985,0,0,184,79985
2015/10/27,小型臺指期貨,外資及陸資,16656,7237155,17677,7681842,-1021,-444687,1954,849323,948,412097,1006,437226
2015/10/28,小型臺指期貨,自營商,6321,2737375,8661,3750416,-2340,-1013041,1836,792299,9865,4257993,-8029,-3465694
2015/10/28,小型臺指期貨,投信,160,69355,188,81378,-28,-12023,184,79470,0,0,184,79470
2015/10/28,小型臺指期貨,外資及陸資,20094,8701838,20694,8961644,-600,-259806,1788,772217,1005,434061,783,338156
2015/10/29,小型臺指期貨,自營商,8403,3613066,8410,3614435,-7,-1370,2912,1243531,10948,4675511,-8036,-3431980
2015/10/29,小型臺指期貨,投信,208,89243,213,91492,-5,-2249,183,78205,0,0,183,78205
2015/10/29,小型臺指期貨,外資及陸資,25500,10962320,25979,11169738,-479,-207418,1803,770178,1051,449107,752,321071
2015/10/30,小型臺指期貨,自營商,9882,4223424,9279,3967552,603,255872,3291,1409227,11320,4847734,-8029,-3438507
2015/10/30,小型臺指期貨,投信,236,100893,224,95711,12,5181,183,78416,0,0,183,78416
2015/10/30,小型臺指期貨,外資及陸資,30002,12825032,28971,12383634,1031,441399,2032,870517,729,312363,1303,558154
2015/11/2,小型臺指期貨,自營商,7471,3196013,6615,2829054,856,366958,4304,1846988,11485,4928327,-7181,-3081339
2015/11/2,小型臺指期貨,投信,84,35973,64,27385,20,8588,183,78571,0,0,183,78571
2015/11/2,小型臺指期貨,外資及陸資,23031,9852908,22202,9498700,829,354208,2399,1029832,715,306978,1684,722854
2015/11/3,小型臺指期貨,自營商,8624,3749476,8600,3741234,24,8242,4809,2095627,12322,5369422,-7513,-3273795
2015/11/3,小型臺指期貨,投信,180,78426,124,54034,56,24392,183,79779,0,0,183,79779
2015/11/3,小型臺指期貨,外資及陸資,21364,9296532,19855,8641806,1509,654726,2921,1273483,700,305179,2221,968304
2015/11/4,小型臺指期貨,自營商,10744,4744405,9443,4173203,1301,571201,3527,1565744,10018,4448722,-6491,-2882978
2015/11/4,小型臺指期貨,投信,225,99592,145,64230,80,35361,183,81270,0,0,183,81270
2015/11/4,小型臺指期貨,外資及陸資,27809,12290310,27160,12008370,649,281940,3084,1370186,748,332253,2336,1037933
2015/11/5,小型臺指期貨,自營商,4881,2164140,5860,2596984,-979,-432845,2848,1262958,10030,4449185,-7182,-3186227
2015/11/5,小型臺指期貨,投信,84,37281,124,54923,-40,-17641,183,81179,0,0,183,81179
2015/11/5,小型臺指期貨,外資及陸資,18261,8095130,19312,8561461,-1051,-466330,2372,1052913,735,326129,1637,726784
2015/11/6,小型臺指期貨,自營商,10598,4629091,15524,6796921,-4926,-2167829,4715,2048276,16099,6994968,-11384,-4946692
2015/11/6,小型臺指期貨,投信,196,85451,348,152311,-152,-66861,183,79504,0,0,183,79504
2015/11/6,小型臺指期貨,外資及陸資,34733,15184421,37240,16287966,-2507,-1103544,1826,793986,1224,531856,602,262130
2015/11/9,小型臺指期貨,自營商,11854,5137950,13753,5953689,-1899,-815739,4098,1767237,17797,7677138,-13699,-5909901
2015/11/9,小型臺指期貨,投信,248,107630,136,58829,112,48801,183,78946,0,0,183,78946
2015/11/9,小型臺指期貨,外資及陸資,36438,15788611,36106,15645393,332,143218,1861,803059,1119,482777,742,320282
2015/11/10,小型臺指期貨,自營商,7389,3160281,10035,4290292,-2646,-1130011,4789,2042055,21330,9099408,-16541,-7057353
2015/11/10,小型臺指期貨,投信,136,58206,172,73456,-36,-15249,183,78077,36,15359,147,62718
2015/11/10,小型臺指期貨,外資及陸資,25409,10865017,25132,10747499,277,117518,1949,831659,902,384886,1047,446773
2015/11/11,小型臺指期貨,自營商,11150,4712875,13702,5792475,-2552,-1079600,1301,543367,20696,8667481,-19395,-8124114
2015/11/11,小型臺指期貨,投信,168,71009,160,67574,8,3435,203,85037,12,5027,191,80010
2015/11/11,小型臺指期貨,外資及陸資,33785,14288546,34791,14715085,-1006,-426539,1849,774223,1159,485378,690,288845
2015/11/12,小型臺指期貨,自營商,12408,5216070,10595,4450537,1813,765532,1734,731019,19424,8211892,-17690,-7480873
2015/11/12,小型臺指期貨,投信,304,127951,172,72313,132,55638,315,133229,0,0,315,133229
2015/11/12,小型臺指期貨,外資及陸資,31173,13104445,30629,12876916,544,227530,1898,801777,1196,505597,702,296180
2015/11/13,小型臺指期貨,自營商,14809,6205935,16341,6845068,-1532,-639132,2212,921582,21138,8829052,-18926,-7907470
2015/11/13,小型臺指期貨,投信,254,106438,274,114783,-20,-8345,191,79798,28,11698,163,68100
2015/11/13,小型臺指期貨,外資及陸資,38781,16256385,39069,16378261,-288,-121876,1868,780027,1322,552177,546,227850
2015/11/16,小型臺指期貨,自營商,11080,4576901,11087,4577472,-7,-571,2347,969919,21400,8865353,-19053,-7895434
2015/11/16,小型臺指期貨,投信,164,67849,112,46239,52,21611,243,100697,0,0,243,100697
2015/11/16,小型臺指期貨,外資及陸資,29868,12341812,29192,12063141,676,278671,1978,819164,1272,527015,706,292149
2015/11/17,小型臺指期貨,自營商,14226,6006425,13335,5629442,891,376984,2890,1216353,21092,8895017,-18202,-7678664
2015/11/17,小型臺指期貨,投信,193,81611,157,66301,36,15310,219,92381,0,0,219,92381
2015/11/17,小型臺指期貨,外資及陸資,30760,12990403,30830,13022543,-70,-32140,2000,843092,1848,779418,152,63674
2015/11/18,小型臺指期貨,自營商,11392,4771425,11740,4916235,-348,-144810,1197,493213,4418,1826679,-3221,-1333466
2015/11/18,小型臺指期貨,投信,184,77411,64,26844,120,50567,163,67482,0,0,163,67482
2015/11/18,小型臺指期貨,外資及陸資,23633,9893613,26171,10956948,-2538,-1063334,1691,699811,1492,617675,199,82136
2015/11/19,小型臺指期貨,自營商,9898,4148439,7243,3038977,2655,1109462,4016,1693569,4038,1703563,-22,-9994
2015/11/19,小型臺指期貨,投信,324,136083,196,82471,128,53613,291,122904,0,0,291,122904
2015/11/19,小型臺指期貨,外資及陸資,33919,14212719,31589,13237540,2330,975179,1718,725377,689,290980,1029,434397
2015/11/20,小型臺指期貨,自營商,5244,2211073,6180,2604562,-936,-393489,3865,1629291,4819,2032524,-954,-403233
2015/11/20,小型臺指期貨,投信,164,69190,168,70759,-4,-1569,163,68810,4,1689,159,67121
2015/11/20,小型臺指期貨,外資及陸資,23000,9698029,23918,10084932,-918,-386903,1724,727554,1053,444509,671,283045
2015/11/23,小型臺指期貨,自營商,8392,3547885,7630,3223176,762,324709,5257,2226808,5253,2225724,4,1084
2015/11/23,小型臺指期貨,投信,180,76165,160,67570,20,8595,199,84386,16,6785,183,77601
2015/11/23,小型臺指期貨,外資及陸資,26209,11075502,26563,11225840,-354,-150338,1746,740152,1429,605948,317,134204
2015/11/24,小型臺指期貨,自營商,8775,3697577,9752,4108908,-977,-411331,5947,2495704,6992,2935047,-1045,-439343
2015/11/24,小型臺指期貨,投信,352,148194,292,123023,60,25172,223,93671,0,0,223,93671
2015/11/24,小型臺指期貨,外資及陸資,32620,13749427,33048,13931013,-428,-181587,1704,715550,1459,612824,245,102726
2015/11/25,小型臺指期貨,自營商,9070,3791095,9320,3892932,-250,-101837,4003,1675958,4743,1986304,-740,-310346
2015/11/25,小型臺指期貨,投信,204,85343,192,80143,12,5200,179,75037,4,1677,175,73360
2015/11/25,小型臺指期貨,外資及陸資,29772,12442941,29607,12373923,165,69018,1693,709488,1350,565885,343,143603
2015/11/26,小型臺指期貨,自營商,9697,4110414,9227,3912672,470,197742,7264,3084238,7506,3188467,-242,-104229
2015/11/26,小型臺指期貨,投信,184,78169,164,69566,20,8604,187,79466,4,1700,183,77766
2015/11/26,小型臺指期貨,外資及陸資,29168,12373553,27499,11668573,1669,704980,1708,725658,656,278736,1052,446922
2015/11/27,小型臺指期貨,自營商,6882,2906371,10603,4475318,-3721,-1568947,5919,2480925,9882,4144008,-3963,-1663083
2015/11/27,小型臺指期貨,投信,196,82388,312,131561,-116,-49173,163,68379,116,48662,47,19717
2015/11/27,小型臺指期貨,外資及陸資,26932,11373442,28757,12146256,-1825,-772814,1691,709206,1360,570482,331,138724
2015/11/30,小型臺指期貨,自營商,15455,6385281,15904,6566086,-449,-180806,8418,3490639,12694,5263664,-4276,-1773025
2015/11/30,小型臺指期貨,投信,348,143895,236,97302,112,46593,275,114084,0,0,275,114084
2015/11/30,小型臺指期貨,外資及陸資,34154,14098067,34038,14053022,116,45045,1762,730887,1119,464174,643,266713
2015/12/1,小型臺指期貨,自營商,11982,5027730,10127,4253153,1855,774577,12906,5454850,15331,6480145,-2425,-1025295
2015/12/1,小型臺指期貨,投信,256,107618,132,55446,124,52172,287,121344,0,0,287,121344
2015/12/1,小型臺指期貨,外資及陸資,34050,14285936,31597,13257070,2453,1028866,2046,864896,362,153029,1684,711867
2015/12/2,小型臺指期貨,自營商,9897,4186707,9639,4076292,258,110416,7613,3215482,9635,4070271,-2022,-854789
2015/12/2,小型臺指期貨,投信,108,45702,84,35481,24,10221,187,79026,0,0,187,79026
2015/12/2,小型臺指期貨,外資及陸資,30198,12776566,30553,12927270,-355,-150705,1724,728384,370,156325,1354,572059
2015/12/3,小型臺指期貨,自營商,9420,3971605,8524,3591452,896,380154,9703,4107028,10449,4423172,-746,-316144
2015/12/3,小型臺指期貨,投信,240,101399,208,87888,32,13512,231,97829,32,13552,199,84277
2015/12/3,小型臺指期貨,外資及陸資,32336,13645811,32375,13663166,-39,-17356,1787,756306,336,142256,1451,614050
2015/12/4,小型臺指期貨,自營商,9392,3930407,9538,3988542,-146,-58135,10556,4428124,10960,4596771,-404,-168647
2015/12/4,小型臺指期貨,投信,124,51991,160,66947,-36,-14955,163,68403,32,13429,131,54974
2015/12/4,小型臺指期貨,外資及陸資,30768,12877221,31313,13106151,-545,-228931,1798,754138,340,142637,1458,611501
2015/12/7,小型臺指期貨,自營商,13717,5824508,13614,5779186,103,45322,11656,4934277,12117,5129471,-461,-195194
2015/12/7,小型臺指期貨,投信,88,37471,104,44137,-16,-6666,163,69031,16,6776,147,62255
2015/12/7,小型臺指期貨,外資及陸資,30248,12844246,31678,13452266,-1430,-608020,1730,732216,894,378553,836,353663
2015/12/8,小型臺指期貨,自營商,11565,4843873,16164,6772217,-4599,-1928344,8414,3503318,13646,5681492,-5232,-2178174
2015/12/8,小型臺指期貨,投信,120,50019,260,108804,-140,-58785,163,67898,140,58317,23,9581
2015/12/8,小型臺指期貨,外資及陸資,25524,10685174,27948,11701071,-2424,-1015897,1718,715310,1970,820546,-252,-105236
2015/12/9,小型臺指期貨,自營商,13474,5565317,16072,6635283,-2598,-1069967,3016,1237832,11612,4768497,-8596,-3530665
2015/12/9,小型臺指期貨,投信,132,54435,192,79111,-60,-24676,163,66993,60,24660,103,42333
2015/12/9,小型臺指期貨,外資及陸資,34329,14174450,34703,14328733,-374,-154282,1783,732235,2204,905732,-421,-173497
2015/12/10,小型臺指期貨,自營商,13884,5657039,13741,5596424,143,60616,2679,1094646,11928,4876674,-9249,-3782028
2015/12/10,小型臺指期貨,投信,240,97996,156,63560,84,34436,247,101122,0,0,247,101122
2015/12/10,小型臺指期貨,外資及陸資,36005,14670882,36246,14769476,-241,-98594,2004,819208,2114,865228,-110,-46020
2015/12/11,小型臺指期貨,自營商,11972,4875391,11556,4706747,416,168645,3021,1216858,11886,4788476,-8865,-3571618
2015/12/11,小型臺指期貨,投信,304,123161,252,102431,52,20731,227,91595,12,4842,215,86753
2015/12/11,小型臺指期貨,外資及陸資,33958,13832257,34297,13973495,-339,-141238,1978,796913,2199,887017,-221,-90104
2015/12/14,小型臺指期貨,自營商,12070,4829180,10735,4296675,1335,532506,5539,2228429,12269,4933789,-6730,-2705360
2015/12/14,小型臺指期貨,投信,144,57889,104,41772,40,16117,203,81809,0,0,203,81809
2015/12/14,小型臺指期貨,外資及陸資,29935,11997663,27775,11134130,2160,863533,2106,846905,1271,511999,835,334906
2015/12/15,小型臺指期貨,自營商,7886,3184829,7927,3200282,-41,-15453,5342,2149005,12613,5071414,-7271,-2922409
2015/12/15,小型臺指期貨,投信,159,64271,167,67473,-8,-3202,163,65701,8,3226,155,62475
2015/12/15,小型臺指期貨,外資及陸資,31225,12620672,30660,12390734,565,229938,2085,838117,961,386897,1124,451220
2015/12/16,小型臺指期貨,自營商,12663,5163060,11290,4605236,1373,557824,2860,1166122,7355,2999161,-4495,-1833039
2015/12/16,小型臺指期貨,投信,256,104018,20,8158,236,95860,163,66586,0,0,163,66586
2015/12/16,小型臺指期貨,外資及陸資,32379,13192797,29559,12042576,2820,1150221,2049,836641,392,160157,1657,676484
2015/12/17,小型臺指期貨,自營商,6774,2789827,5568,2293330,1206,496497,3849,1591505,7118,2942978,-3269,-1351473
2015/12/17,小型臺指期貨,投信,284,117187,180,74178,104,43009,267,110565,0,0,267,110565
2015/12/17,小型臺指期貨,外資及陸資,32482,13379049,31238,12866731,1244,512319,2652,1097887,271,112288,2381,985599
2015/12/18,小型臺指期貨,自營商,5619,2317712,5825,2403199,-206,-85487,4772,1960840,8251,3390086,-3479,-1429246
2015/12/18,小型臺指期貨,投信,176,72814,332,137055,-156,-64241,163,67066,156,64186,7,2880
2015/12/18,小型臺指期貨,外資及陸資,32849,13556519,33312,13746274,-463,-189755,2089,859182,407,167515,1682,691667
2015/12/21,小型臺指期貨,自營商,6574,2695068,6354,2607227,220,87841,5967,2467071,9230,3816162,-3263,-1349091
2015/12/21,小型臺指期貨,投信,304,124740,136,56185,168,68554,331,137034,0,0,331,137034
2015/12/21,小型臺指期貨,外資及陸資,31417,12890983,30231,12406168,1186,484815,2401,993578,265,109760,2136,883818
2015/12/22,小型臺指期貨,自營商,4615,1904073,5016,2068770,-401,-164698,6598,2726325,10506,4340889,-3908,-1614564
2015/12/22,小型臺指期貨,投信,232,95836,112,46204,120,49632,283,117091,0,0,283,117091
2015/12/22,小型臺指期貨,外資及陸資,27673,11423903,28533,11777431,-860,-353528,2173,898571,141,58363,2032,840208
2015/12/23,小型臺指期貨,自營商,8104,3365623,8154,3387033,-50,-21410,4077,1685894,7817,3234287,-3740,-1548393
2015/12/23,小型臺指期貨,投信,128,53255,140,58123,-12,-4867,179,74178,28,11603,151,62575
2015/12/23,小型臺指期貨,外資及陸資,29672,12328542,29878,12415222,-206,-86680,2033,841806,93,38520,1940,803286
2015/12/24,小型臺指期貨,自營商,5937,2474250,5828,2428751,109,45498,4818,1999320,8445,3507300,-3627,-1507980
2015/12/24,小型臺指期貨,投信,108,45041,144,59949,-36,-14908,163,67784,36,14971,127,52813
2015/12/24,小型臺指期貨,外資及陸資,24235,10106071,24213,10097338,22,8733,2229,926260,83,34497,2146,891763
2015/12/25,小型臺指期貨,自營商,3284,1368441,2515,1047973,769,320468,5540,2315865,8298,3470035,-2758,-1154170
2015/12/25,小型臺指期貨,投信,84,35054,52,21686,32,13368,195,81647,0,0,195,81647
2015/12/25,小型臺指期貨,外資及陸資,14192,5915564,13801,5753294,391,162270,2530,1058692,129,53993,2401,1004699
2015/12/28,小型臺指期貨,自營商,3282,1373050,4458,1865035,-1176,-491985,5614,2341238,9664,4032387,-4050,-1691149
2015/12/28,小型臺指期貨,投信,52,21780,176,73602,-124,-51822,163,68085,124,51795,39,16290
2015/12/28,小型臺指期貨,外資及陸資,16583,6940286,17192,7195422,-609,-255136,2214,924238,122,50940,2092,873298
2015/12/29,小型臺指期貨,自營商,5084,2109068,7076,2933479,-1992,-824412,6523,2700186,12565,5202247,-6042,-2502061
2015/12/29,小型臺指期貨,投信,116,48112,184,76318,-68,-28206,163,67547,68,28179,95,39368
2015/12/29,小型臺指期貨,外資及陸資,24804,10291884,25640,10639214,-836,-347330,2174,900454,110,45555,2064,854899
2015/12/30,小型臺指期貨,自營商,4627,1912086,6425,2655500,-1798,-743414,4182,1724047,12024,4959680,-7842,-3235633
2015/12/30,小型臺指期貨,投信,172,71020,256,105822,-84,-34803,163,67303,84,34684,79,32619
2015/12/30,小型臺指期貨,外資及陸資,22473,9293338,23280,9629434,-807,-336097,2100,866689,244,100686,1856,766003
2015/12/31,小型臺指期貨,自營商,5175,2138605,5596,2312627,-421,-174022,4423,1826857,12830,5303297,-8407,-3476440
2015/12/31,小型臺指期貨,投信,196,81123,148,61218,48,19906,211,87301,0,0,211,87301
2015/12/31,小型臺指期貨,外資及陸資,21523,8902821,21026,8698371,497,204450,2043,844842,218,90154,1825,754688
2016/1/4,小型臺指期貨,自營商,13590,5515505,13963,5674621,-373,-159116,5885,2371656,14629,5896726,-8744,-3525070
2016/1/4,小型臺指期貨,投信,192,77643,268,109341,-76,-31697,163,65795,76,30677,87,35118
2016/1/4,小型臺指期貨,外資及陸資,44611,18123823,46331,18831722,-1720,-707898,2063,832191,1038,418887,1025,413304
2016/1/5,小型臺指期貨,自營商,9129,3683164,10594,4272469,-1465,-589304,7088,2840202,17297,6931320,-10209,-4091118
2016/1/5,小型臺指期貨,投信,156,63064,344,138795,-188,-75731,163,65404,188,75435,-25,-10031
2016/1/5,小型臺指期貨,外資及陸資,39802,16071282,40271,16262368,-469,-191087,2012,806459,1140,457322,872,349137
2016/1/6,小型臺指期貨,自營商,11981,4773349,12285,4892358,-304,-119009,4410,1754567,13631,5423354,-9221,-3668787
2016/1/6,小型臺指期貨,投信,252,100388,300,119391,-48,-19004,171,68152,56,22319,115,45833
2016/1/6,小型臺指期貨,外資及陸資,48214,19214169,48778,19439293,-564,-225124,1446,575073,1429,569345,17,5728
2016/1/7,小型臺指期貨,自營商,12412,4865304,14661,5748994,-2249,-883690,6007,2340679,17265,6725856,-11258,-4385177
2016/1/7,小型臺指期貨,投信,500,195772,396,154929,104,40844,267,104197,0,0,267,104197
2016/1/7,小型臺指期貨,外資及陸資,61371,24058086,61777,24221815,-406,-163729,1551,603890,1592,620154,-41,-16264
2016/1/8,小型臺指期貨,自營商,9711,3793815,10089,3944329,-378,-150513,7457,2927764,19081,7490268,-11624,-4562504
2016/1/8,小型臺指期貨,投信,244,95597,200,78309,44,17288,211,82976,4,1573,207,81403
2016/1/8,小型臺指期貨,外資及陸資,49590,19399293,49478,19357264,112,42029,1749,685890,1874,735279,-125,-49389
2016/1/11,小型臺指期貨,自營商,10409,4023239,9887,3819056,522,204183,8082,3121539,19100,7376855,-11018,-4255316
2016/1/11,小型臺指期貨,投信,224,86837,160,61882,64,24955,227,87838,0,0,227,87838
2016/1/11,小型臺指期貨,外資及陸資,43944,16998022,43355,16769302,589,228720,1905,734717,1833,706162,72,28555
2016/1/12,小型臺指期貨,自營商,9164,3542699,9181,3549094,-17,-6395,9945,3824388,20724,7968841,-10779,-4144453
2016/1/12,小型臺指期貨,投信,236,91391,324,125430,-88,-34040,163,62812,88,33911,75,28901
2016/1/12,小型臺指期貨,外資及陸資,38164,14764709,37958,14686458,206,78250,2032,780045,1790,686495,242,93550
2016/1/13,小型臺指期貨,自營商,10691,4159923,10185,3963761,506,196162,7206,2804360,17315,6743453,-10109,-3939093
2016/1/13,小型臺指期貨,投信,244,95152,228,88649,16,6502,187,72986,8,3122,179,69864
2016/1/13,小型臺指期貨,外資及陸資,41287,16084078,40977,15964381,310,119697,2094,814425,1556,603144,538,211281
2016/1/14,小型臺指期貨,自營商,12197,4670338,11891,4554698,306,115640,5648,2171907,16807,6470822,-11159,-4298915
2016/1/14,小型臺指期貨,投信,260,99995,116,44478,144,55516,307,118425,0,0,307,118425
2016/1/14,小型臺指期貨,外資及陸資,37779,14499173,36337,13948490,1442,550683,1994,766972,942,359445,1052,407527
2016/1/15,小型臺指期貨,自營商,9100,3503256,9170,3530619,-70,-27364,5601,2139253,16794,6424673,-11193,-4285420
2016/1/15,小型臺指期貨,投信,196,75539,188,72405,8,3135,175,67095,4,1534,171,65561
2016/1/15,小型臺指期貨,外資及陸資,42056,16224427,42181,16278281,-125,-53853,2433,930224,1406,534451,1027,395773
2016/1/18,小型臺指期貨,自營商,22367,8571073,19869,7634593,2498,936480,5212,2026522,15275,5952408,-10063,-3925886
2016/1/18,小型臺指期貨,投信,340,131074,188,72872,152,58203,315,123008,0,0,315,123008
2016/1/18,小型臺指期貨,外資及陸資,61762,23773546,59632,22960804,2130,812742,2563,998283,558,213633,2005,784650
2016/1/19,小型臺指期貨,自營商,10795,4202104,12398,4828104,-1603,-626000,5686,2225271,17796,6982957,-12110,-4757686
2016/1/19,小型臺指期貨,投信,179,69881,279,109056,-100,-39175,163,64072,100,39330,63,24742
2016/1/19,小型臺指期貨,外資及陸資,39081,15228020,39684,15463857,-603,-235837,2397,939540,759,293693,1638,645847
2016/1/20,小型臺指期貨,自營商,17859,6874904,18229,7016780,-370,-141877,1817,684761,4818,1820063,-3001,-1135302
2016/1/20,小型臺指期貨,投信,320,122188,244,93338,76,28851,167,63410,68,25820,99,37590
2016/1/20,小型臺指期貨,外資及陸資,51643,19849225,52828,20314619,-1185,-465394,1760,667638,772,289031,988,378607
2016/1/21,小型臺指期貨,自營商,11803,4512994,9891,3777483,1912,735512,3561,1349092,4650,1759183,-1089,-410091
2016/1/21,小型臺指期貨,投信,216,82773,284,108578,-68,-25805,175,66614,76,28929,99,37685
2016/1/21,小型臺指期貨,外資及陸資,51977,19891884,50909,19481306,1068,410578,1796,682876,624,233057,1172,449819
2016/1/22,小型臺指期貨,自營商,11116,4270679,9153,3516629,1963,754051,5593,2159492,4303,1658366,1290,501126
2016/1/22,小型臺指期貨,投信,284,109306,232,88956,52,20350,219,84841,0,0,219,84841
2016/1/22,小型臺指期貨,外資及陸資,44680,17177652,43338,16661025,1342,516627,2534,980895,580,220195,1954,760700
2016/1/25,小型臺指期貨,自營商,7557,2957458,8733,3419042,-1176,-461583,6528,2548853,6258,2443107,270,105746
2016/1/25,小型臺指期貨,投信,192,75395,232,90983,-40,-15588,167,65422,40,15670,127,49752
2016/1/25,小型臺指期貨,外資及陸資,36514,14313629,36370,14260232,144,53397,2148,840624,326,123220,1822,717404
2016/1/26,小型臺指期貨,自營商,6651,2583329,6401,2483352,250,99977,7696,2983733,7176,2779890,520,203843
2016/1/26,小型臺指期貨,投信,156,60699,244,94828,-88,-34129,167,64946,88,34223,79,30723
2016/1/26,小型臺指期貨,外資及陸資,35070,13632488,35548,13817896,-478,-185407,1922,746513,666,254152,1256,492361
2016/1/27,小型臺指期貨,自營商,8236,3215879,6639,2591643,1597,624236,6616,2581949,4841,1886467,1775,695482
2016/1/27,小型臺指期貨,投信,260,101592,136,53103,124,48489,291,114043,0,0,291,114043
2016/1/27,小型臺指期貨,外資及陸資,31865,12451585,30627,11967906,1238,483678,2702,1057857,573,219196,2129,838661
2016/1/28,小型臺指期貨,自營商,7066,2771782,7449,2924279,-383,-152497,7174,2807055,5706,2231490,1468,575565
2016/1/28,小型臺指期貨,投信,280,110061,172,67588,108,42473,275,108048,0,0,275,108048
2016/1/28,小型臺指期貨,外資及陸資,36514,14343161,36927,14504585,-413,-161424,2419,949482,443,167934,1976,781548
2016/1/29,小型臺指期貨,自營商,15738,6250227,14003,5576927,1735,673299,10374,4164048,7199,2889334,3175,1274714
2016/1/29,小型臺指期貨,投信,372,147708,132,52571,240,95136,407,163879,0,0,407,163879
2016/1/29,小型臺指期貨,外資及陸資,56375,22440535,54955,21880106,1420,560429,2600,1045975,504,196154,2096,849821
2016/1/30,小型臺指期貨,自營商,4806,1951196,5508,2237683,-702,-286487,10573,4304274,8244,3355578,2329,948696
2016/1/30,小型臺指期貨,投信,44,17921,60,24413,-16,-6491,167,68169,16,6531,151,61638
2016/1/30,小型臺指期貨,外資及陸資,7339,2982755,7167,2913971,172,68784,2794,1139770,526,208280,2268,931490
2016/2/1,小型臺指期貨,自營商,8626,3495011,10854,4395215,-2228,-900203,9854,3989808,9717,3936094,137,53714
2016/2/1,小型臺指期貨,投信,232,94233,272,110232,-40,-15999,167,67852,40,16252,127,51600
2016/2/1,小型臺指期貨,外資及陸資,33842,13726136,34594,14031204,-752,-305068,2242,910090,722,285596,1520,624494
2016/2/2,小型臺指期貨,自營商,5523,2236121,5515,2231669,8,4452,10673,4309759,10560,4266158,113,43601
2016/2/2,小型臺指期貨,投信,204,82774,184,74516,20,8259,191,77393,4,1621,187,75772
2016/2/2,小型臺指期貨,外資及陸資,31993,12965891,32358,13114663,-365,-148772,2183,883669,916,363095,1267,520574
2016/2/3,小型臺指期貨,自營商,8421,3381173,8774,3521157,-353,-139984,4491,1790909,5037,2011712,-546,-220803
2016/2/3,小型臺指期貨,投信,32,12852,56,22444,-24,-9593,167,67101,24,9643,143,57458
2016/2/3,小型臺指期貨,外資及陸資,34620,13912925,35008,14069280,-388,-156355,2030,814921,1079,425459,951,389462
2016/2/15,小型臺指期貨,自營商,9968,3989895,9289,3717319,679,272575,5132,2048616,5549,2217773,-417,-169157
2016/2/15,小型臺指期貨,投信,236,94801,160,64334,76,30467,243,97722,4,1609,239,96113
2016/2/15,小型臺指期貨,外資及陸資,31046,12436054,29741,11913583,1305,522471,2596,1042187,587,227977,2009,814210
2016/2/16,小型臺指期貨,自營商,12870,5239022,12191,4973156,679,265866,8311,3398694,8181,3347151,130,51543
2016/2/16,小型臺指期貨,投信,747,304976,403,164771,344,140205,511,209666,0,0,511,209666
2016/2/16,小型臺指期貨,外資及陸資,32059,13074649,30354,12385539,1705,689110,3728,1529826,530,209906,3198,1319920
2016/2/17,小型臺指期貨,自營商,9613,3943796,7696,3156963,1917,786834,7300,2976507,4426,1802057,2874,1174450
2016/2/17,小型臺指期貨,投信,644,264058,528,216203,116,47855,183,74939,44,18018,139,56921
2016/2/17,小型臺指期貨,外資及陸資,24675,10124574,25301,10380908,-626,-256334,2747,1124833,551,216658,2196,908175
2016/2/18,小型臺指期貨,自營商,7666,3171868,7931,3281501,-265,-109632,7748,3195431,5131,2115031,2617,1080400
2016/2/18,小型臺指期貨,投信,392,162400,640,264756,-248,-102357,183,75808,248,102734,-65,-26926
2016/2/18,小型臺指期貨,外資及陸資,28681,11882318,28475,11796061,206,86257,2781,1151962,639,255662,2142,896300
2016/2/19,小型臺指期貨,自營商,4696,1943746,4118,1705201,578,238545,8486,3510542,5235,2164431,3251,1346111
2016/2/19,小型臺指期貨,投信,344,142709,192,79541,152,63168,335,139142,0,0,335,139142
2016/2/19,小型臺指期貨,外資及陸資,23255,9638136,22006,9121248,1249,516888,3617,1502223,626,250860,2991,1251363
2016/2/22,小型臺指期貨,自營商,7356,3059224,8976,3731912,-1620,-672688,8065,3332778,6514,2693230,1551,639548
2016/2/22,小型臺指期貨,投信,458,191676,466,194546,-8,-2871,187,77605,12,4980,175,72625
2016/2/22,小型臺指期貨,外資及陸資,31925,13295585,32737,13629966,-812,-334381,3214,1333697,623,248109,2591,1085588
2016/2/23,小型臺指期貨,自營商,5871,2435450,3833,1588572,2038,846878,9896,4101502,6439,2667733,3457,1433769
2016/2/23,小型臺指期貨,投信,308,127748,236,97705,72,30043,275,114386,20,8319,255,106067
2016/2/23,小型臺指期貨,外資及陸資,27063,11233832,26263,10902260,800,331572,3951,1643110,592,235513,3359,1407597
2016/2/24,小型臺指期貨,自營商,9667,4005098,11828,4893480,-2161,-888382,6314,2587648,5048,2068136,1266,519512
2016/2/24,小型臺指期貨,投信,584,241810,1252,517276,-668,-275466,183,75460,668,275450,-485,-199990
2016/2/24,小型臺指期貨,外資及陸資,33687,13960422,34201,14173574,-514,-213151,3463,1427500,625,247018,2838,1180482
2016/2/25,小型臺指期貨,自營商,9871,4100936,7272,3022042,2599,1078894,8568,3553703,5399,2237266,3169,1316437
2016/2/25,小型臺指期貨,投信,704,293698,352,146717,352,146981,535,223042,0,0,535,223042
2016/2/25,小型臺指期貨,外資及陸資,37054,15415853,36054,15002624,1000,413230,4199,1749916,677,271399,3522,1478517
2016/2/26,小型臺指期貨,自營商,5990,2499939,6888,2873473,-898,-373533,8975,3745691,6784,2830605,2191,915086
2016/2/26,小型臺指期貨,投信,132,55049,380,158317,-248,-103268,183,76759,248,104024,-65,-27265
2016/2/26,小型臺指期貨,外資及陸資,36264,15151995,35934,15013562,330,138432,4465,1872241,589,235886,3876,1636355
2016/3/1,小型臺指期貨,自營商,9088,3821374,8552,3600174,536,221200,10575,4447944,7320,3079331,3255,1368613
2016/3/1,小型臺指期貨,投信,980,413914,680,287358,300,126556,351,148262,0,0,351,148262
2016/3/1,小型臺指期貨,外資及陸資,30272,12741304,30293,12753014,-21,-11710,4728,1996401,637,258300,4091,1738101
2016/3/2,小型臺指期貨,自營商,7543,3216001,7944,3385992,-401,-169991,8814,3735006,5990,2538083,2824,1196923
2016/3/2,小型臺指期貨,投信,52,22210,124,52850,-72,-30640,183,77940,48,20443,135,57497
2016/3/2,小型臺指期貨,外資及陸資,27937,11918718,29015,12377884,-1078,-459166,3828,1629451,743,304992,3085,1324459
2016/3/3,小型臺指期貨,自營商,9397,4015716,7935,3390165,1462,625551,10849,4624435,6623,2822525,4226,1801910
2016/3/3,小型臺指期貨,投信,528,226525,336,143618,192,82907,235,100627,0,0,235,100627
2016/3/3,小型臺指期貨,外資及陸資,31237,13361143,31097,13302511,140,58632,3951,1690518,650,266828,3301,1423690
2016/3/4,小型臺指期貨,自營商,5602,2400413,5198,2226430,404,173984,12493,5351416,7863,3367532,4630,1983884
2016/3/4,小型臺指期貨,投信,436,187698,348,149564,88,38133,215,92461,0,0,215,92461
2016/3/4,小型臺指期貨,外資及陸資,29875,12822645,30124,12932022,-249,-109377,4272,1835363,668,275574,3604,1559789
2016/3/7,小型臺指期貨,自營商,7838,3376286,7756,3337756,82,38530,13439,5759014,8839,3787475,4600,1971539
2016/3/7,小型臺指期貨,投信,492,213029,440,189585,52,23445,195,83889,0,0,195,83889
2016/3/7,小型臺指期貨,外資及陸資,31703,13669146,32187,13878876,-484,-209730,4251,1826194,847,352702,3404,1473492
2016/3/8,小型臺指期貨,自營商,7408,3174900,5778,2471216,1630,703684,15137,6496449,9079,3892800,6058,2603649
2016/3/8,小型臺指期貨,投信,108,46157,208,88922,-100,-42764,183,78818,76,32733,107,46085
2016/3/8,小型臺指期貨,外資及陸資,31314,13420874,30885,13239145,429,181730,4922,2116470,769,319305,4153,1797165
2016/3/9,小型臺指期貨,自營商,5921,2541368,5854,2511506,67,29863,10180,4364718,4672,1996919,5508,2367799
2016/3/9,小型臺指期貨,投信,16,6869,56,23984,-40,-17115,183,78855,80,34472,103,44383
2016/3/9,小型臺指期貨,外資及陸資,26891,11551688,27076,11631056,-185,-79369,5099,2193543,1099,461736,4000,1731807
2016/3/10,小型臺指期貨,自營商,6048,2608896,6960,3002067,-912,-393171,9461,4064481,5309,2277134,4152,1787347
2016/3/10,小型臺指期貨,投信,41,17765,18,7792,23,9973,194,83818,64,27651,130,56167
2016/3/10,小型臺指期貨,外資及陸資,28539,12326409,28877,12472606,-338,-146197,5176,2231420,1622,688749,3554,1542671
2016/3/11,小型臺指期貨,自營商,8769,3787809,7022,3035995,1747,751814,11142,4824540,6359,2752586,4783,2071954
2016/3/11,小型臺指期貨,投信,596,258559,200,86703,396,171855,294,127964,0,0,294,127964
2016/3/11,小型臺指期貨,外資及陸資,27058,11708285,27103,11731095,-45,-22809,5699,2475059,1798,770514,3901,1704545
2016/3/14,小型臺指期貨,自營商,5221,2278761,7030,3070852,-1809,-792092,10768,4684888,8082,3518162,2686,1166726
2016/3/14,小型臺指期貨,投信,44,19267,204,89160,-160,-69893,182,79541,132,57625,50,21916
2016/3/14,小型臺指期貨,外資及陸資,22647,9906943,23875,10444517,-1228,-537574,5196,2267356,2427,1049061,2769,1218295
2016/3/15,小型臺指期貨,自營商,10679,4616038,11512,4974216,-833,-358178,10725,4585801,8400,3592731,2325,993070
2016/3/15,小型臺指期貨,投信,198,85231,1190,515168,-992,-429937,182,78272,608,260733,-426,-182461
2016/3/15,小型臺指期貨,外資及陸資,34652,15005853,35799,15509130,-1147,-503278,4546,1948796,2444,1038387,2102,910409
2016/3/16,小型臺指期貨,自營商,7315,3160051,6524,2824865,791,335186,7603,3269587,4224,1812812,3379,1456775
2016/3/16,小型臺指期貨,投信,172,74277,52,22487,120,51789,182,78779,572,247590,-390,-168811
2016/3/16,小型臺指期貨,外資及陸資,21072,9112588,20456,8848015,616,264574,2983,1288083,922,387628,2061,900455
2016/3/17,小型臺指期貨,自營商,7181,3137358,7713,3367142,-532,-229784,7496,3239763,5001,2158583,2495,1081180
2016/3/17,小型臺指期貨,投信,332,145270,608,265106,-276,-119836,182,79152,620,269638,-438,-190486
2016/3/17,小型臺指期貨,外資及陸資,38139,16678883,39105,17102540,-966,-423658,3037,1317916,1502,641793,1535,676123
2016/3/18,小型臺指期貨,自營商,4756,2077786,4463,1949790,293,127997,8802,3836839,6178,2690342,2624,1146497
2016/3/18,小型臺指期貨,投信,356,156082,168,73576,188,82507,182,79762,556,243667,-374,-163905
2016/3/18,小型臺指期貨,外資及陸資,28674,12543943,28484,12462475,190,81468,3328,1455572,1203,515613,2125,939959
2016/3/21,小型臺指期貨,自營商,5300,2313826,4350,1896489,950,417336,10295,4481100,6741,2929885,3554,1551215
2016/3/21,小型臺指期貨,投信,328,143321,420,183281,-92,-39960,182,79589,644,281621,-462,-202032
2016/3/21,小型臺指期貨,外資及陸資,29708,12988015,30585,13371087,-877,-383071,3091,1348761,1567,673695,1524,675066
2016/3/22,小型臺指期貨,自營商,7698,3347881,7149,3107167,549,240714,12449,5425475,8366,3641574,4083,1783901
2016/3/22,小型臺指期貨,投信,500,217594,484,210543,16,7051,182,79625,656,287000,-474,-207375
2016/3/22,小型臺指期貨,外資及陸資,33512,14592571,32860,14310475,652,282096,3216,1403765,824,348946,2392,1054819
2016/3/23,小型臺指期貨,自營商,5250,2291963,7116,3104341,-1866,-812378,8915,3863445,6316,2732186,2599,1131259
2016/3/23,小型臺指期貨,投信,172,75017,312,135925,-140,-60908,182,79288,660,287529,-478,-208241
2016/3/23,小型臺指期貨,外資及陸資,32240,14084888,32800,14329054,-560,-244167,3136,1362826,1359,580500,1777,782326
2016/3/24,小型臺指期貨,自營商,10448,4534144,9058,3930041,1390,604103,12360,5363361,8167,3537592,4193,1825769
2016/3/24,小型臺指期貨,投信,392,170588,320,138581,72,32007,182,79288,628,273588,-446,-194300
2016/3/24,小型臺指期貨,外資及陸資,36706,15943679,37124,16124925,-418,-181246,3158,1372244,1283,547444,1875,824800
2016/3/25,小型臺指期貨,自營商,4730,2057667,5808,2523671,-1078,-466004,11992,5196608,9445,4087160,2547,1109448
2016/3/25,小型臺指期貨,投信,92,40011,192,83382,-100,-43371,182,79170,648,281880,-466,-202710
2016/3/25,小型臺指期貨,外資及陸資,25432,11072919,25898,11275709,-466,-202790,3165,1373420,1788,765992,1377,607428
2016/3/28,小型臺指期貨,自營商,4844,2104478,5065,2198567,-221,-94089,12839,5557336,10513,4544810,2326,1012526
2016/3/28,小型臺指期貨,投信,112,48642,192,83278,-80,-34637,182,79034,652,283131,-470,-204097
2016/3/28,小型臺指期貨,外資及陸資,27576,11988943,28175,12248033,-599,-259091,3174,1375406,2028,869427,1146,505979
2016/3/29,小型臺指期貨,自營商,7662,3298292,8844,3806166,-1182,-507873,12980,5564242,11956,5117973,1024,446269
2016/3/29,小型臺指期貨,投信,440,189158,692,297703,-252,-108546,182,78269,588,252869,-406,-174600
2016/3/29,小型臺指期貨,外資及陸資,36810,15884763,37591,16227531,-781,-342768,3108,1333512,2027,860242,1081,473270
2016/3/30,小型臺指期貨,自營商,11957,5184166,7723,3356602,4234,1827564,13434,5850178,7935,3448635,5499,2401543
2016/3/30,小型臺指期貨,投信,857,373301,393,171405,464,201896,182,79534,424,185288,-242,-105754
2016/3/30,小型臺指期貨,外資及陸資,29486,12818621,28438,12369673,1048,448948,3386,1475742,1634,702383,1752,773359
2016/3/31,小型臺指期貨,自營商,7758,3389956,10963,4785862,-3205,-1395906,12118,5261652,9688,4202666,2430,1058986
2016/3/31,小型臺指期貨,投信,312,136156,760,331280,-448,-195124,182,79316,704,306803,-522,-227487
2016/3/31,小型臺指期貨,外資及陸資,39933,17466822,41263,18050237,-1330,-583415,3181,1382563,2323,1001070,858,381493
2016/4/1,小型臺指期貨,自營商,7335,3167526,8996,3880473,-1661,-712947,11832,5085426,11131,4779934,701,305492
2016/4/1,小型臺指期貨,投信,292,125916,504,217067,-212,-91151,182,78515,668,288175,-486,-209660
2016/4/1,小型臺指期貨,外資及陸資,38329,16563472,38408,16598838,-79,-35367,3044,1309174,2801,1196781,243,112393
2016/4/6,小型臺指期貨,自營商,8043,3410227,11295,4789525,-3252,-1379298,9062,3814179,11849,4983862,-2787,-1169683
2016/4/6,小型臺指期貨,投信,268,113663,952,404031,-684,-290368,182,76968,592,250357,-410,-173389
2016/4/6,小型臺指期貨,外資及陸資,34789,14775670,36418,15473828,-1629,-698158,3060,1289074,4184,1757678,-1124,-468604
2016/4/7,小型臺指期貨,自營商,9069,3818591,6913,2907268,2156,911323,10023,4209363,10654,4466877,-631,-257514
2016/4/7,小型臺指期貨,投信,376,158348,312,131046,64,27302,182,76786,528,222763,-346,-145977
2016/4/7,小型臺指期貨,外資及陸資,36704,15481148,35329,14903393,1375,577756,3084,1295640,2629,1097497,455,198143
2016/4/8,小型臺指期貨,自營商,9174,3871353,5158,2177117,4016,1694236,13045,5513715,10168,4288742,2877,1224973
2016/4/8,小型臺指期貨,投信,928,392734,240,101447,688,291287,182,77214,224,95032,-42,-17818
2016/4/8,小型臺指期貨,外資及陸資,31291,13217394,31639,13369847,-348,-152453,3150,1330235,2079,870247,1071,459988
2016/4/11,小型臺指期貨,自營商,7132,3019914,5699,2412052,1433,607862,14098,5980856,10520,4453777,3578,1527079
2016/4/11,小型臺指期貨,投信,500,212849,180,76506,320,136343,182,77487,80,34060,102,43427
2016/4/11,小型臺指期貨,外資及陸資,32538,13794741,32080,13601554,458,193187,3435,1455978,1534,641271,1901,814707
2016/4/12,小型臺指期貨,自營商,7340,3124680,7040,2993398,300,131282,15063,6377520,11233,4746249,3830,1631271
2016/4/12,小型臺指期貨,投信,216,92037,264,111974,-48,-19937,182,77314,128,54374,54,22940
2016/4/12,小型臺指期貨,外資及陸資,36671,15628859,36706,15644224,-35,-15366,3188,1347646,1418,590552,1770,757094
2016/4/13,小型臺指期貨,自營商,13512,5801119,9804,4217255,3708,1583864,18312,7882811,10651,4577926,7661,3304885
2016/4/13,小型臺指期貨,投信,748,322241,524,225945,224,96296,182,78588,80,34544,102,44044
2016/4/13,小型臺指期貨,外資及陸資,28308,12173386,28145,12110107,163,63279,3866,1662625,1586,673168,2280,989457
2016/4/14,小型臺指期貨,自營商,6361,2755715,7355,3185342,-994,-429627,19468,8406215,12853,5543469,6615,2862746
2016/4/14,小型臺指期貨,投信,120,52019,280,121228,-160,-69209,182,78806,188,81404,-6,-2598
2016/4/14,小型臺指期貨,外資及陸資,27744,12035339,28769,12481191,-1025,-445852,3349,1444043,1858,793119,1491,650924
2016/4/15,小型臺指期貨,自營商,10128,4375292,7938,3430858,2190,944435,22152,9629893,13683,5943983,8469,3685910
2016/4/15,小型臺指期貨,投信,716,311019,132,57272,584,253748,182,79325,80,34868,102,44457
2016/4/15,小型臺指期貨,外資及陸資,30531,13215784,29759,12883463,772,332320,3758,1632008,1243,530228,2515,1101780
2016/4/18,小型臺指期貨,自營商,4406,1903994,7330,3164911,-2924,-1260917,15988,6888752,9439,4056676,6549,2832076
2016/4/18,小型臺指期貨,投信,124,53682,128,55301,-4,-1619,194,83847,204,88008,-10,-4161
2016/4/18,小型臺指期貨,外資及陸資,21997,9517779,23315,10088781,-1318,-571002,3314,1425522,1953,832724,1361,592798
2016/4/19,小型臺指期貨,自營商,14271,6179248,14793,6399432,-522,-220184,15132,6508747,10213,4381825,4919,2126922
2016/4/19,小型臺指期貨,投信,458,198697,730,316083,-272,-117386,182,78541,532,228869,-350,-150328
2016/4/19,小型臺指期貨,外資及陸資,32672,14151781,33231,14396911,-559,-245130,3421,1467775,2759,1178302,662,289473
2016/4/20,小型臺指期貨,自營商,10870,4646887,14897,6355346,-4027,-1708459,5299,2218888,7808,3269375,-2509,-1050487
2016/4/20,小型臺指期貨,投信,510,218409,752,321417,-242,-103008,166,70069,700,295470,-534,-225401
2016/4/20,小型臺指期貨,外資及陸資,40023,17128059,41172,17624813,-1149,-496754,3194,1345233,1266,523600,1928,821633
2016/4/21,小型臺指期貨,自營商,8750,3713314,3575,1517180,5175,2196134,8632,3661568,5966,2520120,2666,1141448
2016/4/21,小型臺指期貨,投信,188,79778,32,13545,156,66233,166,70799,624,266136,-458,-195337
2016/4/21,小型臺指期貨,外資及陸資,28135,11956168,27990,11896001,145,60167,3146,1338763,961,398996,2185,939767
2016/4/22,小型臺指期貨,自營商,7204,3062430,8703,3694082,-1499,-631652,9204,3892541,8037,3389601,1167,502940
2016/4/22,小型臺指期貨,投信,336,143175,152,64546,184,78628,166,70550,448,190400,-282,-119850
2016/4/22,小型臺指期貨,外資及陸資,36436,15507607,36663,15603862,-227,-96254,3144,1333191,1178,489902,1966,843289
2016/4/25,小型臺指期貨,自營商,6295,2676084,4376,1860159,1919,815926,11518,4890909,8692,3681339,2826,1209570
2016/4/25,小型臺指期貨,投信,40,17005,48,20358,-8,-3353,166,70774,452,192710,-286,-121936
2016/4/25,小型臺指期貨,外資及陸資,25383,10799163,24795,10549503,588,249660,3549,1510209,667,273496,2882,1236713
2016/4/26,小型臺指期貨,自營商,8909,3812701,10334,4422795,-1425,-610095,11920,5086249,10479,4465490,1441,620759
2016/4/26,小型臺指期貨,投信,368,158065,192,82299,176,75766,166,71131,340,145690,-174,-74559
2016/4/26,小型臺指期貨,外資及陸資,30397,13024215,30410,13029531,-13,-5317,3679,1573772,726,300213,2953,1273559
2016/4/27,小型臺指期貨,自營商,7545,3224002,7009,2990944,536,233058,10901,4644221,8888,3778979,2013,865242
2016/4/27,小型臺指期貨,投信,80,34131,148,63015,-68,-28883,166,71048,400,171200,-234,-100152
2016/4/27,小型臺指期貨,外資及陸資,26404,11292338,26548,11353664,-144,-61326,3704,1582476,683,281394,3021,1301082
2016/4/28,小型臺指期貨,自營商,9388,3976246,16081,6808195,-6693,-2831949,9145,3829389,13825,5784328,-4680,-1954939
2016/4/28,小型臺指期貨,投信,272,114982,1028,435424,-756,-320442,166,69845,504,212058,-338,-142213
2016/4/28,小型臺指期貨,外資及陸資,43286,18366884,45785,19435625,-2499,-1068741,3178,1334202,1980,821487,1198,512715
2016/4/29,小型臺指期貨,自營商,8314,3462259,8697,3615531,-383,-153273,10519,4353553,15582,6438473,-5063,-2084920
2016/4/29,小型臺指期貨,投信,136,56645,264,109829,-128,-53184,166,68981,456,189491,-290,-120510
2016/4/29,小型臺指期貨,外資及陸資,30742,12827385,31112,12982708,-370,-155323,3206,1329118,1634,667393,1572,661725
2016/5/3,小型臺指期貨,自營商,7915,3265747,9216,3800980,-1301,-535234,11712,4819853,18076,7428059,-6364,-2608206
2016/5/3,小型臺指期貨,投信,184,76025,280,115514,-96,-39489,166,68566,412,170177,-246,-101611
2016/5/3,小型臺指期貨,外資及陸資,27260,11273527,27197,11248110,63,25416,3259,1343206,1540,624622,1719,718584
2016/5/4,小型臺指期貨,自營商,9996,4080676,10996,4490078,-1000,-409402,10198,4154787,17975,7312418,-7777,-3157631
2016/5/4,小型臺指期貨,投信,716,292299,872,355954,-156,-63655,166,67902,364,148894,-198,-80992
2016/5/4,小型臺指期貨,外資及陸資,37753,15463739,37601,15405925,152,57814,3292,1343460,1396,559566,1896,783894
2016/5/5,小型臺指期貨,自營商,7615,3090715,9098,3691679,-1483,-600965,9613,3899639,19133,7751505,-9520,-3851866
2016/5/5,小型臺指期貨,投信,280,113982,252,102309,28,11672,166,67612,316,128707,-150,-61095
2016/5/5,小型臺指期貨,外資及陸資,30419,12379243,30848,12555115,-429,-175872,3430,1393994,1903,763734,1527,630260
2016/5/6,小型臺指期貨,自營商,8394,3393323,8261,3335293,133,58030,10024,4045887,19411,7823111,-9387,-3777224
2016/5/6,小型臺指期貨,投信,126,51048,118,47720,8,3328,166,67272,292,118333,-126,-51061
2016/5/6,小型臺指期貨,外資及陸資,26677,10809042,26858,10883962,-181,-74920,3220,1301617,1834,731694,1386,569923
2016/5/9,小型臺指期貨,自營商,8565,3467379,7855,3177540,710,289838,10769,4352964,19438,7844897,-8669,-3491933
2016/5/9,小型臺指期貨,投信,266,107725,326,131930,-60,-24205,166,67363,312,126610,-146,-59247
2016/5/9,小型臺指期貨,外資及陸資,30963,12561545,31386,12734780,-423,-173235,3060,1238600,2265,907657,795,330943
2016/5/10,小型臺指期貨,自營商,10067,4081963,9629,3901601,438,180363,11172,4533398,20123,8157611,-8951,-3624213
2016/5/10,小型臺指期貨,投信,431,175315,319,129299,112,46016,166,67662,228,92933,-62,-25271
2016/5/10,小型臺指期貨,外資及陸資,32448,13176848,32434,13173600,14,3247,3121,1268939,2144,862421,977,406518
2016/5/11,小型臺指期貨,自營商,9623,3902684,10082,4084736,-459,-182053,7790,3149630,17293,6981000,-9503,-3831370
2016/5/11,小型臺指期貨,投信,508,206361,556,225668,-48,-19307,166,67429,292,118610,-126,-51181
2016/5/11,小型臺指期貨,外資及陸資,33759,13724054,34195,13905307,-436,-181253,3047,1233880,2276,912879,771,321001
2016/5/12,小型臺指期貨,自營商,8190,3312290,8312,3356714,-122,-44424,5957,2395074,16902,6787168,-10945,-4392094
2016/5/12,小型臺指期貨,投信,166,67495,118,47855,48,19640,166,67081,264,106682,-98,-39601
2016/5/12,小型臺指期貨,外資及陸資,31387,12727683,31665,12840918,-278,-113235,2739,1102487,2042,813396,697,289091
2016/5/13,小型臺指期貨,自營商,14262,5693978,12058,4808973,2204,885005,5446,2172775,15555,6193773,-10109,-4020998
2016/5/13,小型臺指期貨,投信,456,182547,500,199927,-44,-17380,166,66583,200,80220,-34,-13637
2016/5/13,小型臺指期貨,外資及陸資,39778,15941684,39872,15981397,-94,-39713,2768,1105738,1861,734372,907,371366
2016/5/16,小型臺指期貨,自營商,9364,3753458,8394,3366137,970,387321,6302,2527069,14777,5911948,-8475,-3384879
2016/5/16,小型臺指期貨,投信,638,257290,546,219527,92,37763,380,153197,430,172882,-50,-19685
2016/5/16,小型臺指期貨,外資及陸資,30285,12163663,29844,11990041,441,173622,2952,1186009,1472,581578,1480,604431
2016/5/17,小型臺指期貨,自營商,13861,5588223,12766,5144121,1095,444102,8088,3275751,14844,5997452,-6756,-2721701
2016/5/17,小型臺指期貨,投信,528,214062,436,175996,92,38067,450,183269,528,214338,-78,-31069
2016/5/17,小型臺指期貨,外資及陸資,35899,14496468,35463,14325580,436,170889,3434,1393690,1226,487606,2208,906084
2016/5/18,小型臺指期貨,自營商,9771,3948577,9842,3968784,-71,-20207,5230,2106185,7361,2940686,-2131,-834501
2016/5/18,小型臺指期貨,投信,434,175656,108,43709,326,131947,142,57567,336,136214,-194,-78647
2016/5/18,小型臺指期貨,外資及陸資,32386,13088260,31980,12924227,406,164032,2912,1179467,959,378188,1953,801279
2016/5/19,小型臺指期貨,自營商,6181,2478681,8918,3575012,-2737,-1096332,5598,2229964,10410,4125128,-4812,-1895164
2016/5/19,小型臺指期貨,投信,278,111820,682,274689,-404,-162869,142,57034,556,223317,-414,-166283
2016/5/19,小型臺指期貨,外資及陸資,32449,13064658,32564,13115855,-115,-51197,2922,1173256,1348,530601,1574,642655
2016/5/20,小型臺指期貨,自營商,11764,4740706,6074,2445372,5690,2295334,9279,3736122,8581,3423655,698,312467
2016/5/20,小型臺指期貨,投信,438,177350,106,42829,332,134521,142,57531,360,145854,-218,-88323
2016/5/20,小型臺指期貨,外資及陸資,37590,15184459,37219,15036265,371,148193,3259,1319310,1066,420714,2193,898596
2016/5/23,小型臺指期貨,自營商,12028,4912216,10143,4153060,1885,759156,12004,4972575,9421,3882286,2583,1090289
2016/5/23,小型臺指期貨,投信,2006,828177,994,410093,1012,418085,142,59235,48,20023,94,39212
2016/5/23,小型臺指期貨,外資及陸資,45308,18596081,45243,18581295,65,14786,3370,1403622,984,399385,2386,1004237
2016/5/24,小型臺指期貨,自營商,3541,1466129,6998,2893856,-3457,-1427727,8986,3693243,9636,3941675,-650,-248432
2016/5/24,小型臺指期貨,投信,74,30767,270,111955,-196,-81188,142,58816,172,71242,-30,-12426
2016/5/24,小型臺指期貨,外資及陸資,21868,9083572,23077,9588470,-1209,-504898,2849,1177602,1336,542391,1513,635211
2016/5/25,小型臺指期貨,自營商,8910,3711732,6541,2728112,2369,983620,9015,3749498,7517,3108033,1498,641465
2016/5/25,小型臺指期貨,投信,340,142634,204,85447,136,57187,142,59526,132,55334,10,4192
2016/5/25,小型臺指期貨,外資及陸資,30966,12949910,30044,12567563,922,382347,3299,1379865,1040,426361,2259,953504
2016/5/26,小型臺指期貨,自營商,3119,1302239,2910,1211779,209,90460,9443,3929047,7776,3214900,1667,714147
2016/5/26,小型臺指期貨,投信,234,97965,242,101140,-8,-3176,146,61115,152,63674,-6,-2559
2016/5/26,小型臺指期貨,外資及陸資,21919,9175813,21594,9041736,325,134077,3521,1471678,1105,453734,2416,1017944
2016/5/27,小型臺指期貨,自營商,6152,2583225,4223,1773092,1929,810133,11754,4936709,8102,3381547,3652,1555162
2016/5/27,小型臺指期貨,投信,282,117645,230,96340,52,21305,232,96710,198,83109,34,13601
2016/5/27,小型臺指期貨,外資及陸資,24129,10160249,23394,9851827,735,308422,4034,1701016,1067,441694,2967,1259322
2016/5/30,小型臺指期貨,自營商,5311,2245653,4606,1948671,705,296982,12967,5474413,8558,3593235,4409,1881178
2016/5/30,小型臺指期貨,投信,408,172376,468,197990,-60,-25614,273,113856,271,114226,2,-370
2016/5/30,小型臺指期貨,外資及陸資,28845,12213541,28938,12255693,-93,-42152,4036,1709867,958,398549,3078,1311318
2016/5/31,小型臺指期貨,自營商,5505,2330163,6125,2590797,-620,-260634,12980,5478497,9191,3860230,3789,1618267
2016/5/31,小型臺指期貨,投信,242,102751,254,107721,-12,-4970,290,120790,296,124738,-6,-3948
2016/5/31,小型臺指期貨,外資及陸資,29952,12720102,30353,12889775,-401,-169673,3881,1643971,1096,456917,2785,1187054
2016/6/1,小型臺指期貨,自營商,7760,3297749,5459,2326063,2301,971686,13791,5860020,7863,3324067,5928,2535953
2016/6/1,小型臺指期貨,投信,1064,455019,520,222453,544,232566,286,119528,192,80854,94,38674
2016/6/1,小型臺指期貨,外資及陸資,28111,12005868,27521,11758349,590,247520,4102,1749377,944,395194,3158,1354183
2016/6/2,小型臺指期貨,自營商,5789,2465387,6665,2835855,-876,-370468,13694,5807776,8534,3601373,5160,2206403
2016/6/2,小型臺指期貨,投信,242,103018,262,111787,-20,-8768,322,133992,240,100908,82,33084
2016/6/2,小型臺指期貨,外資及陸資,31749,13586385,31406,13440275,343,146110,3980,1694247,975,407243,3005,1287004
2016/6/3,小型臺指期貨,自營商,3542,1503235,3905,1662498,-363,-159264,13436,5703390,8871,3750318,4565,1953072
2016/6/3,小型臺指期貨,投信,50,21419,50,21393,0,26,322,134216,240,101088,82,33128
2016/6/3,小型臺指期貨,外資及陸資,21585,9233923,21645,9258828,-60,-24905,3808,1624096,963,402161,2845,1221935
2016/6/4,小型臺指期貨,自營商,2497,1065568,1932,825322,565,240246,14068,5980253,8954,3791114,5114,2189139
2016/6/4,小型臺指期貨,投信,6,2570,6,2569,0,1,322,134436,240,101232,82,33204
2016/6/4,小型臺指期貨,外資及陸資,1961,839749,1810,775365,151,64384,3779,1613867,931,389354,2848,1224513
2016/6/6,小型臺指期貨,自營商,8577,3655313,7969,3394177,608,261136,14194,6023969,9536,4034091,4658,1989878
2016/6/6,小型臺指期貨,投信,340,146500,476,203722,-136,-57222,322,134317,320,135413,2,-1096
2016/6/6,小型臺指期貨,外資及陸資,28748,12316856,28772,12331398,-24,-14543,3762,1603763,934,390455,2828,1213308
2016/6/7,小型臺指期貨,自營商,8514,3648418,7077,3045710,1437,602708,17529,7517891,11430,4898760,6099,2619131
2016/6/7,小型臺指期貨,投信,560,242604,380,163061,180,79543,344,145382,382,162322,-38,-16940
2016/6/7,小型臺指期貨,外資及陸資,27023,11676587,26361,11396572,662,280015,4169,1795154,931,393577,3238,1401577
2016/6/8,小型臺指期貨,自營商,7499,3238627,7745,3351852,-246,-113225,16477,7094459,10846,4672619,5631,2421840
2016/6/8,小型臺指期貨,投信,226,98555,106,46139,120,52416,324,137479,378,161508,-54,-24029
2016/6/8,小型臺指期貨,外資及陸資,26463,11509703,26663,11598373,-200,-88670,3813,1648641,918,389934,2895,1258707
2016/6/13,小型臺指期貨,自營商,7557,3204285,12076,5120042,-4519,-1915757,12234,5143424,11090,4665050,1144,478374
2016/6/13,小型臺指期貨,投信,351,148982,616,263211,-265,-114230,322,133554,505,212924,-183,-79370
2016/6/13,小型臺指期貨,外資及陸資,30763,13117115,32110,13702858,-1347,-585743,3178,1340368,1102,458914,2076,881454
2016/6/14,小型臺指期貨,自營商,7913,3332323,6627,2811959,1286,520364,14009,5916884,10943,4630312,3066,1286572
2016/6/14,小型臺指期貨,投信,444,189047,206,88073,238,100974,322,134204,263,110993,59,23211
2016/6/14,小型臺指期貨,外資及陸資,23438,9965122,22795,9697921,643,267201,3664,1553751,961,400895,2703,1152856
2016/6/15,小型臺指期貨,自營商,11693,4938791,13784,5843374,-2091,-904582,7776,3235852,5956,2478763,1820,757089
2016/6/15,小型臺指期貨,投信,490,206571,142,59961,348,146610,322,133568,180,75717,142,57851
2016/6/15,小型臺指期貨,外資及陸資,30780,12986863,31656,13362799,-876,-375936,1522,638119,733,303891,789,334228
2016/6/16,小型臺指期貨,自營商,10529,4366890,11949,4958032,-1420,-591142,8084,3311068,7716,3162255,368,148813
2016/6/16,小型臺指期貨,投信,522,216394,563,233633,-41,-17239,292,119365,143,59209,149,60156
2016/6/16,小型臺指期貨,外資及陸資,35901,14922095,35635,14817493,266,104603,1770,731047,911,372449,859,358598
2016/6/17,小型臺指期貨,自營商,10803,4519574,7880,3301784,2923,1217790,12136,5051717,8505,3539190,3631,1512527
2016/6/17,小型臺指期貨,投信,217,91204,160,66887,57,24317,274,113782,120,50370,154,63412
2016/6/17,小型臺指期貨,外資及陸資,30109,12636576,28655,12029271,1454,607306,2494,1045134,813,336573,1681,708561
2016/6/20,小型臺指期貨,自營商,6195,2617736,8375,3537873,-2180,-920137,10177,4267521,8778,3685441,1399,582080
2016/6/20,小型臺指期貨,投信,476,201355,256,108139,220,93216,574,241824,120,50814,454,191010
2016/6/20,小型臺指期貨,外資及陸資,26376,11158880,27109,11470930,-733,-312050,1877,793038,857,358239,1020,434799
2016/6/21,小型臺指期貨,自營商,6344,2687080,5098,2161483,1246,525597,11565,4876050,8756,3694700,2809,1181350
2016/6/21,小型臺指期貨,投信,150,63824,0,0,150,63824,724,306832,120,51060,604,255772
2016/6/21,小型臺指期貨,外資及陸資,24897,10565779,24958,10592004,-61,-26225,1981,841231,858,360382,1123,480849
2016/6/22,小型臺指期貨,自營商,7437,3155912,7809,3315114,-372,-159202,10644,4483922,8291,3499208,2353,984714
2016/6/22,小型臺指期貨,投信,0,0,0,0,0,0,724,306820,120,51060,604,255760
2016/6/22,小型臺指期貨,外資及陸資,24522,10415683,24314,10328218,208,87466,2109,895413,848,356037,1261,539376
2016/6/23,小型臺指期貨,自營商,3699,1568846,4103,1737506,-404,-168660,10396,4378274,8427,3556045,1969,822229
2016/6/23,小型臺指期貨,投信,9,3821,0,0,9,3821,733,310656,120,51060,613,259596
2016/6/23,小型臺指期貨,外資及陸資,18571,7888099,18730,7954719,-159,-66620,1774,752827,852,357686,922,395141
2016/6/24,小型臺指期貨,自營商,26973,11239516,32005,13346538,-5032,-2107022,13467,5501164,16610,6796982,-3143,-1295818
2016/6/24,小型臺指期貨,投信,14,5766,0,0,14,5766,747,306423,120,49428,627,256995
2016/6/24,小型臺指期貨,外資及陸資,106743,44595730,105800,44216859,943,378871,1717,705617,788,319726,929,385891
2016/6/27,小型臺指期貨,自營商,9442,3909010,5715,2366552,3727,1542459,14607,6032304,14043,5803014,564,229290
2016/6/27,小型臺指期貨,投信,30,12471,30,12289,0,182,757,313885,130,53939,627,259946
2016/6/27,小型臺指期貨,外資及陸資,33751,13993015,33145,13745871,606,247145,1934,802042,763,312776,1171,489266
2016/6/28,小型臺指期貨,自營商,6796,2824080,6385,2652661,411,171419,15107,6276601,14196,5903016,911,373585
2016/6/28,小型臺指期貨,投信,0,0,0,0,0,0,757,315772,130,54261,627,261511
2016/6/28,小型臺指期貨,外資及陸資,30179,12568112,30363,12649286,-184,-81174,2183,910318,752,309981,1431,600337
2016/6/29,小型臺指期貨,自營商,9029,3804486,8242,3473914,787,330572,12242,5117794,10353,4331628,1889,786166
2016/6/29,小型臺指期貨,投信,0,0,240,101341,-240,-101341,757,318031,370,155883,387,162148
2016/6/29,小型臺指期貨,外資及陸資,30371,12823496,29912,12629616,459,193880,2388,1002407,759,315040,1629,687367
2016/6/30,小型臺指期貨,自營商,12221,5180507,8137,3450428,4084,1730078,16764,7091189,10471,4428616,6293,2662573
2016/6/30,小型臺指期貨,投信,0,0,0,0,0,0,757,321148,370,157417,387,163731
2016/6/30,小型臺指期貨,外資及陸資,36676,15575328,36784,15625503,-108,-50175,2322,983087,741,310786,1581,672301
2016/7/1,小型臺指期貨,自營商,9807,4207024,8223,3528034,1584,678990,19989,8566504,12372,5302748,7617,3263756
2016/7/1,小型臺指期貨,投信,32,13780,32,13589,0,191,767,329408,380,163459,387,165949
2016/7/1,小型臺指期貨,外資及陸資,29191,12550992,29057,12494470,134,56522,2515,1078220,940,400659,1575,677561
2016/7/4,小型臺指期貨,自營商,6233,2686392,7551,3251709,-1318,-565317,18988,8143442,12493,5356977,6495,2786465
2016/7/4,小型臺指期貨,投信,16,6912,99,42711,-83,-35799,772,331917,468,201528,304,130389
2016/7/4,小型臺指期貨,外資及陸資,25579,11046211,26517,11452620,-938,-406409,2031,870544,742,315573,1289,554971
2016/7/5,小型臺指期貨,自營商,6558,2816774,5656,2427825,902,388949,20389,8724814,13164,5631151,7225,3093663
2016/7/5,小型臺指期貨,投信,19,8181,55,23614,-36,-15432,778,333657,510,219006,268,114651
2016/7/5,小型臺指期貨,外資及陸資,24410,10500530,23933,10295003,477,205527,2336,999498,754,320048,1582,679450
2016/7/6,小型臺指期貨,自營商,9024,3818344,13337,5642385,-4313,-1824041,13629,5724738,10802,4535733,2827,1189005
2016/7/6,小型臺指期貨,投信,17,7230,15,6226,2,1004,770,324933,500,211158,270,113775
2016/7/6,小型臺指期貨,外資及陸資,35102,14875217,36082,15298517,-980,-423300,1868,784047,838,350095,1030,433952
2016/7/7,小型臺指期貨,自營商,7088,3014440,4744,2021357,2344,993083,15781,6702383,10734,4559324,5047,2143059
2016/7/7,小型臺指期貨,投信,0,0,0,0,0,0,770,328454,500,213449,270,115005
2016/7/7,小型臺指期貨,外資及陸資,22830,9749197,21443,9159158,1387,590039,3024,1286123,795,335341,2229,950782
2016/7/11,小型臺指期貨,自營商,8496,3685009,8939,3884825,-443,-199816,16786,7270606,12446,5397906,4340,1872700
2016/7/11,小型臺指期貨,投信,1,436,0,0,1,436,771,335525,500,217761,271,117764
2016/7/11,小型臺指期貨,外資及陸資,25458,11093006,26000,11330537,-542,-237531,2777,1203986,770,331244,2007,872742
2016/7/12,小型臺指期貨,自營商,6630,2895591,5413,2361395,1217,534196,18543,8070230,12838,5589835,5705,2480395
2016/7/12,小型臺指期貨,投信,4,1755,1,439,3,1316,774,338408,500,218779,274,119629
2016/7/12,小型臺指期貨,外資及陸資,20623,9035836,20434,8956332,189,79505,2873,1249420,725,312951,2148,936469
2016/7/13,小型臺指期貨,自營商,10389,4541872,8545,3732144,1844,809728,18279,7966407,10814,4709096,7465,3257311
2016/7/13,小型臺指期貨,投信,10,4390,10,4272,0,118,764,334772,490,214794,274,119978
2016/7/13,小型臺指期貨,外資及陸資,30610,13427005,30681,13460912,-71,-33907,3116,1357864,707,305807,2409,1052057
2016/7/14,小型臺指期貨,自營商,6610,2894962,6335,2779530,275,115432,19108,8345015,11344,4953327,7764,3391688
2016/7/14,小型臺指期貨,投信,6,2645,6,2609,0,36,717,314825,495,217462,222,97363
2016/7/14,小型臺指期貨,外資及陸資,22325,9830683,22103,9733905,222,96778,2956,1289936,725,314381,2231,975555
2016/7/15,小型臺指期貨,自營商,8096,3573496,7973,3529706,123,43791,20911,9237517,12916,5711485,7995,3526032
2016/7/15,小型臺指期貨,投信,2,891,0,0,2,891,719,319294,495,219926,224,99368
2016/7/15,小型臺指期貨,外資及陸資,25344,11246762,25262,11214251,82,32511,3239,1431105,690,302284,2549,1128821
2016/7/18,小型臺指期貨,自營商,5791,2581584,5940,2650943,-149,-69360,19923,8886898,13225,5906511,6698,2980387
2016/7/18,小型臺指期貨,投信,1,449,180,80991,-179,-80541,540,241923,495,222113,45,19810
2016/7/18,小型臺指期貨,外資及陸資,22265,9963890,22976,10285632,-711,-321742,3141,1398749,987,438080,2154,960669
2016/7/19,小型臺指期貨,自營商,7490,3348407,8407,3759452,-917,-411045,19965,8940218,12544,5618222,7421,3321996
2016/7/19,小型臺指期貨,投信,343,152636,54,24247,289,128389,829,371528,495,222981,334,148547
2016/7/19,小型臺指期貨,外資及陸資,25930,11642070,26418,11866999,-488,-224929,3211,1433959,1241,554789,1970,879170
2016/7/20,小型臺指期貨,自營商,11123,4974809,14604,6544500,-3481,-1569692,9988,4413161,5607,2475331,4381,1937830
2016/7/20,小型臺指期貨,投信,298,132697,478,213612,-180,-80915,681,302025,335,148653,346,153372
2016/7/20,小型臺指期貨,外資及陸資,22863,10206733,23282,10399825,-419,-193092,2850,1264341,680,300234,2170,964107
2016/7/21,小型臺指期貨,自營商,6692,2998657,6284,2816537,408,182121,10467,4679632,5666,2530270,4801,2149362
2016/7/21,小型臺指期貨,投信,15,6703,37,16541,-22,-9838,659,295572,335,150297,324,145275
2016/7/21,小型臺指期貨,外資及陸資,22466,10079864,21768,9769723,698,310141,3030,1359111,686,306584,2344,1052527
2016/7/22,小型臺指期貨,自營商,5022,2247367,6413,2866838,-1391,-619471,9049,4018542,6083,2700330,2966,1318212
2016/7/22,小型臺指期貨,投信,25,11196,25,11131,0,65,659,293689,335,149285,324,144404
2016/7/22,小型臺指期貨,外資及陸資,23982,10735939,24430,10938013,-448,-202074,2916,1299576,1096,487725,1820,811851
2016/7/25,小型臺指期貨,自營商,12076,5371675,12238,5440531,-162,-68855,10070,4456341,7346,3250214,2724,1206127
2016/7/25,小型臺指期貨,投信,0,0,0,0,0,0,659,292498,335,148673,324,143825
2016/7/25,小型臺指期貨,外資及陸資,39223,17456226,38864,17303407,359,152819,2833,1257402,1126,499084,1707,758318
2016/7/26,小型臺指期貨,自營商,7128,3172708,4553,2028069,2575,1144639,11542,5150782,6579,2933642,4963,2217140
2016/7/26,小型臺指期貨,投信,0,0,0,0,0,0,659,294927,335,149907,324,145020
2016/7/26,小型臺指期貨,外資及陸資,28188,12556889,27219,12128622,969,428267,3149,1409386,705,314406,2444,1094980
2016/7/27,小型臺指期貨,自營商,7568,3403440,9648,4337279,-2080,-933839,10778,4815394,8003,3577003,2775,1238391
2016/7/27,小型臺指期貨,投信,15,6724,15,6683,0,41,674,302108,350,156814,324,145294
2016/7/27,小型臺指期貨,外資及陸資,34111,15344011,35172,15821939,-1061,-477929,2856,1279940,1049,468978,1807,810962
2016/7/28,小型臺指期貨,自營商,6948,3119818,5816,2610346,1132,509473,11700,5226767,7793,3481516,3907,1745251
2016/7/28,小型臺指期貨,投信,2,899,0,0,2,899,676,302958,350,156803,326,146155
2016/7/28,小型臺指期貨,外資及陸資,30315,13615880,30262,13592840,53,23040,3054,1368645,938,419073,2116,949572
2016/7/29,小型臺指期貨,自營商,8099,3624649,9433,4214886,-1334,-590236,12209,5405938,9716,4303498,2493,1102440
2016/7/29,小型臺指期貨,投信,0,0,0,0,0,0,676,300085,350,155321,326,144764
2016/7/29,小型臺指期貨,外資及陸資,36028,16139211,37136,16636143,-1108,-496931,2800,1242619,1568,695273,1232,547346
2016/8/1,小型臺指期貨,自營商,10988,4934414,6389,2873934,4599,2060480,15906,7160953,8946,4026356,6960,3134597
2016/8/1,小型臺指期貨,投信,1,451,168,75903,-167,-75452,509,229512,350,157854,159,71658
2016/8/1,小型臺指期貨,外資及陸資,24229,10903433,23365,10520693,864,382740,3236,1459996,1452,654176,1784,805820
2016/8/2,小型臺指期貨,自營商,3168,1427228,5597,2519359,-2429,-1092131,14448,6483943,9905,4446084,4543,2037859
2016/8/2,小型臺指期貨,投信,43,19398,129,58158,-86,-38761,543,244106,470,211430,73,32676
2016/8/2,小型臺指期貨,外資及陸資,16842,7589387,18051,8135494,-1209,-546108,2843,1278312,1880,844931,963,433381
2016/8/3,小型臺指期貨,自營商,10213,4549991,10552,4693242,-339,-143251,14301,6356177,10398,4621511,3903,1734666
2016/8/3,小型臺指期貨,投信,0,0,32,14306,-32,-14306,511,227620,470,209571,41,18049
2016/8/3,小型臺指期貨,外資及陸資,27367,12205070,27469,12250608,-102,-45538,3305,1473115,1990,886416,1315,586699
2016/8/4,小型臺指期貨,自營商,8510,3799851,6306,2812752,2204,987099,16394,7318603,10183,4543805,6211,2774798
2016/8/4,小型臺指期貨,投信,1,448,435,195060,-434,-194612,271,120874,664,297425,-393,-176551
2016/8/4,小型臺指期貨,外資及陸資,28552,12763047,28350,12674038,202,89009,2827,1264407,1498,669355,1329,595052
2016/8/5,小型臺指期貨,自營商,7531,3392305,7541,3404428,-10,-12124,17300,7798283,11055,4986100,6245,2812183
2016/8/5,小型臺指期貨,投信,15,6728,15,6784,0,-56,256,115305,649,293720,-393,-178415
2016/8/5,小型臺指期貨,外資及陸資,27177,12276276,26177,11826995,1000,449282,3357,1517327,1188,535688,2169,981639
2016/8/8,小型臺指期貨,自營商,6364,2891351,8196,3720955,-1832,-829604,17279,7837838,12842,5830382,4437,2007456
2016/8/8,小型臺指期貨,投信,0,0,322,146659,-322,-146659,142,64068,857,390288,-715,-326220
2016/8/8,小型臺指期貨,外資及陸資,23494,10689270,24186,11006702,-692,-317433,2553,1159903,1492,677543,1061,482360
2016/8/9,小型臺指期貨,自營商,5148,2343600,4798,2184917,350,158683,17514,7945536,12743,5786807,4771,2158729
2016/8/9,小型臺指期貨,投信,0,0,0,0,0,0,142,64104,857,390336,-715,-326232
2016/8/9,小型臺指期貨,外資及陸資,19461,8873489,19534,8907613,-73,-34124,2558,1162354,1478,671287,1080,491067
2016/8/10,小型臺指期貨,自營商,8946,4079058,6851,3123070,2095,955988,18792,8561273,11975,5458960,6817,3102313
2016/8/10,小型臺指期貨,投信,50,22740,51,23057,-1,-317,91,41371,807,369029,-716,-327658
2016/8/10,小型臺指期貨,外資及陸資,24348,11113257,24435,11153901,-87,-40644,2592,1182747,1133,516105,1459,666642
2016/8/11,小型臺指期貨,自營商,9115,4129963,11242,5087711,-2127,-957747,17661,7993187,13019,5895648,4642,2097539
2016/8/11,小型臺指期貨,投信,15,6756,16,7172,-1,-415,75,33920,792,359761,-717,-325841
2016/8/11,小型臺指期貨,外資及陸資,33991,15436876,34246,15555712,-255,-118837,2632,1193161,1512,684919,1120,508242
2016/8/12,小型臺指期貨,自營商,5845,2660765,4288,1953960,1557,706805,19732,8971711,13765,6264024,5967,2707687
2016/8/12,小型臺指期貨,投信,6,2729,4,1806,2,923,73,33184,788,359647,-715,-326463
2016/8/12,小型臺指期貨,外資及陸資,22134,10099900,21773,9934693,361,165207,2638,1202035,1097,498651,1541,703384
2016/8/15,小型臺指期貨,自營商,6442,2935363,7297,3322902,-855,-387539,19479,8855985,13299,6049236,6180,2806749
2016/8/15,小型臺指期貨,投信,0,0,0,0,0,0,73,33182,788,359432,-715,-326250
2016/8/15,小型臺指期貨,外資及陸資,21693,9893426,22320,10179334,-627,-285908,2493,1135513,1427,649408,1066,486105
2016/8/16,小型臺指期貨,自營商,9943,4515866,13138,5959282,-3195,-1443416,18059,8168227,15454,6994490,2605,1173737
2016/8/16,小型臺指期貨,投信,329,149698,47,21384,282,128315,73,32872,506,229770,-433,-196898
2016/8/16,小型臺指期貨,外資及陸資,33103,15053757,33926,15427986,-823,-374228,2532,1148379,2045,925167,487,223212
2016/8/17,小型臺指期貨,自營商,7886,3570558,7648,3464035,238,106523,8718,3918995,5725,2574163,2993,1344832
2016/8/17,小型臺指期貨,投信,678,305267,0,0,678,305267,751,338108,26,11708,725,326400
2016/8/17,小型臺指期貨,外資及陸資,19454,8799156,19361,8757563,93,41593,469,210507,824,370834,-355,-160327
2016/8/18,小型臺指期貨,自營商,7652,3454861,5143,2322374,2509,1132487,11572,5223729,6070,2739901,5502,2483828
2016/8/18,小型臺指期貨,投信,2,904,2,904,0,0,751,339419,26,11753,725,327666
2016/8/18,小型臺指期貨,外資及陸資,21739,9816174,20979,9473825,760,342350,1003,452629,818,369553,185,83076
2016/8/19,小型臺指期貨,自營商,10803,4876804,14841,6689454,-4038,-1812650,10057,4492010,8505,3799370,1552,692640
2016/8/19,小型臺指期貨,投信,0,0,1,449,-1,-449,750,335479,26,11632,724,323847
2016/8/19,小型臺指期貨,外資及陸資,38062,17161565,39072,17625185,-1010,-463620,299,133020,1708,763899,-1409,-630879
2016/8/22,小型臺指期貨,自營商,9346,4157518,8249,3667734,1097,489784,11303,5019916,8578,3810205,2725,1209711
2016/8/22,小型臺指期貨,投信,0,0,0,0,0,0,750,333496,26,11564,724,321932
2016/8/22,小型臺指期貨,外資及陸資,32253,14350133,31956,14218405,297,131728,424,187864,1444,642011,-1020,-454147
2016/8/23,小型臺指期貨,自營商,8623,3859886,3880,1737810,4743,2122075,15339,6879975,7999,3587225,7340,3292750
2016/8/23,小型臺指期貨,投信,0,0,0,0,0,0,750,336792,26,11678,724,325114
2016/8/23,小型臺指期貨,外資及陸資,20514,9178653,19117,8555884,1397,622769,1278,573197,1029,461521,249,111676
2016/8/24,小型臺指期貨,自營商,3691,1657569,5177,2323440,-1486,-665871,11959,5345468,6626,2961664,5333,2383804
2016/8/24,小型臺指期貨,投信,0,0,0,0,0,0,750,335707,26,11640,724,324067
2016/8/24,小型臺指期貨,外資及陸資,21127,9477814,22104,9916491,-977,-438676,732,326905,1081,482849,-349,-155944
2016/8/25,小型臺指期貨,自營商,13991,6307670,7429,3356807,6562,2950863,19463,8814304,7632,3456503,11831,5357801
2016/8/25,小型臺指期貨,投信,0,0,0,0,0,0,750,340042,26,11791,724,328251
2016/8/25,小型臺指期貨,外資及陸資,26564,11979749,25730,11609695,834,370054,1843,834667,1054,476716,789,357951
2016/8/26,小型臺指期貨,自營商,3152,1428848,4230,1916748,-1078,-487900,18498,8385946,8205,3720267,10293,4665679
2016/8/26,小型臺指期貨,投信,0,0,8,3629,-8,-3629,742,336786,26,11804,716,324982
2016/8/26,小型臺指期貨,外資及陸資,16807,7620116,17515,7941378,-708,-321262,956,432910,1083,490363,-127,-57453
2016/8/29,小型臺指期貨,自營商,9483,4272205,11420,5141792,-1937,-869586,17373,7842285,8817,3981228,8556,3861057
2016/8/29,小型臺指期貨,投信,90,40626,0,0,90,40626,832,376065,26,11755,806,364310
2016/8/29,小型臺指期貨,外資及陸資,33278,14997539,33824,15240859,-546,-243320,993,447939,1222,550136,-229,-102197
2016/8/30,小型臺指期貨,自營商,5209,2356706,6761,3058231,-1552,-701525,16310,7356105,9326,4208392,6984,3147713
2016/8/30,小型臺指期貨,投信,0,0,0,0,0,0,832,375777,26,11746,806,364031
2016/8/30,小型臺指期貨,外資及陸資,23158,10478746,22997,10407662,161,71084,1095,493687,1295,581703,-200,-88016
2016/8/31,小型臺指期貨,自營商,8540,3847357,9802,4409406,-1262,-562049,13067,5850550,7553,3383555,5514,2466995
2016/8/31,小型臺指期貨,投信,0,0,47,21261,-47,-21261,785,352225,26,11669,759,340556
2016/8/31,小型臺指期貨,外資及陸資,31133,14019915,32127,14462128,-994,-442213,853,381756,1470,655673,-617,-273917
2016/9/1,小型臺指期貨,自營商,11166,4983902,11524,5137605,-358,-153703,12498,5573702,7602,3391664,4896,2182038
2016/9/1,小型臺指期貨,投信,6,2685,0,0,6,2685,791,353573,26,11625,765,341948
2016/9/1,小型臺指期貨,外資及陸資,35651,15912856,35945,16044894,-294,-132038,908,404853,1627,722366,-719,-317513
2016/9/2,小型臺指期貨,自營商,5209,2326103,4445,1982990,764,343113,13468,5998927,7808,3478693,5660,2520234
2016/9/2,小型臺指期貨,投信,0,0,0,0,0,0,791,353167,26,11612,765,341555
2016/9/2,小型臺指期貨,外資及陸資,26980,12057656,26859,12002592,121,55064,1075,478712,1533,679454,-458,-200742
2016/9/5,小型臺指期貨,自營商,11070,4994908,5951,2689574,5119,2305334,18701,8454696,8130,3676921,10571,4777775
2016/9/5,小型臺指期貨,投信,2,906,0,0,2,906,793,359256,26,11782,767,347474
2016/9/5,小型臺指期貨,外資及陸資,22456,10147879,21219,9591394,1237,556485,2281,1032235,1506,677045,775,355190
2016/9/6,小型臺指期貨,自營商,7621,3467248,6381,2909542,1240,557707,20710,9455659,9167,4188084,11543,5267575
2016/9/6,小型臺指期貨,投信,0,0,0,0,0,0,793,362751,26,11896,767,350855
2016/9/6,小型臺指期貨,外資及陸資,20896,9520585,20421,9306993,475,213592,2943,1345314,1525,692894,1418,652420
2016/9/7,小型臺指期貨,自營商,7675,3533847,6439,2968240,1236,565607,22452,10365585,9518,4396525,12934,5969060
2016/9/7,小型臺指期貨,投信,0,0,6,2776,-6,-2776,793,366797,32,14805,761,351992
2016/9/7,小型臺指期貨,外資及陸資,22011,10150000,21692,10005149,319,144851,3304,1527342,1536,706031,1768,821311
2016/9/8,小型臺指期貨,自營商,2621,1210199,4672,2155638,-2051,-945438,20474,9438581,9719,4482788,10755,4955793
2016/9/8,小型臺指期貨,投信,0,0,0,0,0,0,793,366248,32,14782,761,351466
2016/9/8,小型臺指期貨,外資及陸資,14088,6506123,15094,6971886,-1006,-465763,2594,1197163,1532,703384,1062,493779
2016/9/9,小型臺指期貨,自營商,6033,2756546,12109,5530735,-6076,-2774189,14353,6533281,9642,4392288,4711,2140993
2016/9/9,小型臺指期貨,投信,0,0,7,3196,-7,-3196,786,358576,32,14602,754,343974
2016/9/9,小型臺指期貨,外資及陸資,25574,11685192,26068,11913943,-494,-228751,1587,723072,1511,685184,76,37888
2016/9/10,小型臺指期貨,自營商,8015,3591003,9459,4234337,-1444,-643334,13652,6094290,10397,4644250,3255,1450040
2016/9/10,小型臺指期貨,投信,0,0,0,0,0,0,786,351768,32,14325,754,337443
2016/9/10,小型臺指期貨,外資及陸資,7705,3455029,7758,3478269,-53,-23240,1564,698959,1533,681732,31,17227
2016/9/12,小型臺指期貨,自營商,8689,3879192,10866,4846769,-2177,-967577,11433,5068701,10703,4748244,730,320457
2016/9/12,小型臺指期貨,投信,0,0,0,0,0,0,786,349666,32,14240,754,335426
2016/9/12,小型臺指期貨,外資及陸資,30745,13736246,31492,14071557,-747,-335311,1219,540031,2299,1015310,-1080,-475279
2016/9/13,小型臺指期貨,自營商,10425,4634657,10043,4464743,382,169913,12190,5410599,10922,4850585,1268,560014
2016/9/13,小型臺指期貨,投信,0,0,2,890,-2,-890,784,348988,32,14248,752,334740
2016/9/13,小型臺指期貨,外資及陸資,38826,17282600,38735,17243936,91,38664,1282,568699,2047,904379,-765,-335680
2016/9/14,小型臺指期貨,自營商,8054,3578720,8092,3594182,-38,-15462,12463,5512339,11404,5047954,1059,464385
2016/9/14,小型臺指期貨,投信,0,0,1,444,-1,-444,783,347369,32,14200,751,333169
2016/9/14,小型臺指期貨,外資及陸資,25607,11389445,26136,11626252,-529,-236807,1187,524709,2396,1056271,-1209,-531562
2016/9/19,小型臺指期貨,自營商,17168,7756143,10377,4705807,6791,3050336,19325,8813407,11167,5099609,8158,3713798
2016/9/19,小型臺指期貨,投信,0,0,0,0,0,0,783,358090,32,14638,751,343452
2016/9/19,小型臺指期貨,外資及陸資,28821,13068541,26890,12204607,1931,863935,2108,962032,1910,866495,198,95537
2016/9/20,小型臺指期貨,自營商,5186,2365919,7248,3303935,-2062,-938016,16309,7427099,8493,3871526,7816,3555573
2016/9/20,小型臺指期貨,投信,38,17308,38,17362,0,-54,784,358198,33,15084,751,343114
2016/9/20,小型臺指期貨,外資及陸資,20130,9190450,21032,9603846,-902,-413396,1953,889148,2157,978141,-204,-88993
2016/9/21,小型臺指期貨,自營商,11709,5349755,8789,4019478,2920,1330278,10569,4825664,2369,1078722,8200,3746942
2016/9/21,小型臺指期貨,投信,522,238586,126,57532,396,181055,556,254716,29,13289,527,241427
2016/9/21,小型臺指期貨,外資及陸資,17626,8047869,17673,8070410,-47,-22541,1155,527018,1460,662532,-305,-135514
2016/9/22,小型臺指期貨,自營商,5153,2367125,5851,2687890,-698,-320765,11381,5209678,3851,1762095,7530,3447583
2016/9/22,小型臺指期貨,投信,204,93668,0,0,204,93668,760,349038,29,13321,731,335717
2016/9/22,小型臺指期貨,外資及陸資,30152,13865950,29670,13644485,482,221465,1376,629906,1479,673022,-103,-43116
2016/9/23,小型臺指期貨,自營商,5469,2519792,3597,1656907,1872,862885,12367,5691856,2957,1358814,9410,4333042
2016/9/23,小型臺指期貨,投信,0,0,240,110648,-240,-110648,760,350898,269,124224,491,226674
2016/9/23,小型臺指期貨,外資及陸資,21177,9761363,20738,9560523,439,200840,1816,836445,1476,675455,340,160990
2016/9/26,小型臺指期貨,自營商,3798,1741110,5858,2683478,-2060,-942368,12000,5472382,4646,2117925,7354,3354457
2016/9/26,小型臺指期貨,投信,0,0,0,0,0,0,760,347706,269,123094,491,224612
2016/9/26,小型臺指期貨,外資及陸資,21850,10020197,22565,10349665,-715,-329468,1168,532253,1479,670433,-311,-138180
2016/9/29,小型臺指期貨,自營商,7822,3615568,7510,3473655,312,141913,12977,5980217,5846,2696011,7131,3284206
2016/9/29,小型臺指期貨,投信,0,0,0,0,0,0,760,351465,269,124426,491,227039
2016/9/29,小型臺指期貨,外資及陸資,26745,12370220,26099,12072092,646,298127,2024,933846,1531,701329,493,232517
2016/9/30,小型臺指期貨,自營商,5351,2449752,8118,3711716,-2767,-1261964,13005,5916501,8725,3973075,4280,1943426
2016/9/30,小型臺指期貨,投信,0,0,0,0,0,0,760,346866,269,122799,491,224067
2016/9/30,小型臺指期貨,外資及陸資,28945,13261956,30453,13953228,-1508,-691271,1002,455125,1713,774914,-711,-319789
2016/10/3,小型臺指期貨,自營商,5567,2558306,5066,2327052,501,231254,13546,6204630,8793,4032177,4753,2172453
2016/10/3,小型臺指期貨,投信,0,0,0,0,0,0,760,349256,269,123646,491,225610
2016/10/3,小型臺指期貨,外資及陸資,22179,10195439,21257,9772345,922,423094,1143,522973,1500,681953,-357,-158980
2016/10/4,小型臺指期貨,自營商,7138,3290534,3786,1745997,3352,1544538,15144,6979665,7399,3413205,7745,3566460
2016/10/4,小型臺指期貨,投信,0,0,0,0,0,0,760,351457,269,124426,491,227031
2016/10/4,小型臺指期貨,外資及陸資,18697,8621811,17585,8110689,1112,511122,2030,936487,1539,704064,491,232423
2016/10/5,小型臺指期貨,自營商,5437,2504896,6443,2968270,-1006,-463374,15643,7200097,8548,3938188,7095,3261909
2016/10/5,小型臺指期貨,投信,0,0,0,0,0,0,760,350966,269,124251,491,226715
2016/10/5,小型臺指期貨,外資及陸資,15945,7364489,15870,7330507,75,33982,2125,979112,1629,744531,496,234581
2016/10/6,小型臺指期貨,自營商,5027,2320870,4592,2117535,435,203335,16286,7512496,8972,4141854,7314,3370642
2016/10/6,小型臺指期貨,投信,0,0,0,0,0,0,760,351687,269,124507,491,227180
2016/10/6,小型臺指期貨,外資及陸資,21359,9866017,20944,9675104,415,190913,2343,1081962,1640,751008,703,330954
2016/10/7,小型臺指期貨,自營商,2075,958412,2376,1097479,-301,-139067,16171,7453283,9274,4278362,6897,3174921
2016/10/7,小型臺指期貨,投信,0,0,4,1851,-4,-1851,756,349605,269,124426,487,225179
2016/10/7,小型臺指期貨,外資及陸資,13653,6314904,13943,6449543,-290,-134638,2197,1013622,1676,766984,521,246638
2016/10/11,小型臺指期貨,自營商,11154,5145247,15030,6930141,-3876,-1784894,17557,8040825,14560,6676941,2997,1363884
2016/10/11,小型臺指期貨,投信,0,0,11,5055,-11,-5055,745,342211,269,123592,476,218619
2016/10/11,小型臺指期貨,外資及陸資,39360,18182467,39642,18312685,-282,-130217,1658,759196,1887,858340,-229,-99144
2016/10/12,小型臺指期貨,自營商,11920,5492113,5546,2555242,6374,2936870,20837,9618382,10493,4848488,10344,4769894
2016/10/12,小型臺指期貨,投信,0,0,0,0,0,0,745,344821,269,124534,476,220287
2016/10/12,小型臺指期貨,外資及陸資,18163,8365095,16454,7581335,1709,783760,2720,1256731,1879,861553,841,395178
2016/10/13,小型臺指期貨,自營商,6900,3175795,11275,5186360,-4375,-2010565,20086,9215216,14117,6483925,5969,2731291
2016/10/13,小型臺指期貨,投信,26,11962,611,280805,-585,-268842,157,72228,266,122373,-109,-50145
2016/10/13,小型臺指期貨,外資及陸資,25334,11672088,26744,12323397,-1410,-651310,2046,938905,2015,918819,31,20086
2016/10/14,小型臺指期貨,自營商,7937,3641424,10097,4630620,-2160,-989196,20816,9518444,16863,7719687,3953,1798757
2016/10/14,小型臺指期貨,投信,3,1374,3,1375,0,0,157,71961,266,121921,-109,-49960
2016/10/14,小型臺指期貨,外資及陸資,27435,12597270,27574,12662638,-139,-65368,1720,786285,1988,903482,-268,-117197
2016/10/17,小型臺指期貨,自營商,14122,6441942,14704,6696999,-582,-255057,21389,9779712,14858,6801151,6531,2978561
2016/10/17,小型臺指期貨,投信,0,0,0,0,0,0,157,71961,266,121921,-109,-49960
2016/10/17,小型臺指期貨,外資及陸資,39206,17878073,39688,18102661,-482,-224587,2007,917476,1989,903606,18,13870
2016/10/18,小型臺指期貨,自營商,12774,5861234,9047,4154039,3727,1707196,24215,11129420,13201,6073114,11014,5056306
2016/10/18,小型臺指期貨,投信,11,5052,11,5061,0,-8,157,72292,266,122493,-109,-50201
2016/10/18,小型臺指期貨,外資及陸資,25724,11813664,25674,11794094,50,19570,2221,1020209,1997,911856,224,108353
2016/10/19,小型臺指期貨,自營商,14925,6903489,11260,5212326,3665,1691163,17104,7894379,3895,1797860,13209,6096519
2016/10/19,小型臺指期貨,投信,421,194894,13,6024,408,188870,427,197466,0,0,427,197466
2016/10/19,小型臺指期貨,外資及陸資,21337,9872559,21000,9718006,337,154553,1507,695120,1740,797981,-233,-102861
2016/10/20,小型臺指期貨,自營商,5332,2470275,3704,1712046,1628,758229,17871,8274055,3766,1740210,14105,6533845
2016/10/20,小型臺指期貨,投信,0,0,0,0,0,0,427,198064,0,0,427,198064
2016/10/20,小型臺指期貨,外資及陸資,22379,10373402,22358,10363965,21,9438,1716,794118,1756,807759,-40,-13641
2016/10/21,小型臺指期貨,自營商,6501,3016348,6351,2941369,150,74980,17666,8167640,4407,2033782,13259,6133858
2016/10/21,小型臺指期貨,投信,225,104644,0,0,225,104644,652,302006,0,0,652,302006
2016/10/21,小型臺指期貨,外資及陸資,25288,11734150,25729,11937128,-441,-202979,1663,768452,1768,812178,-105,-43726
2016/10/24,小型臺指期貨,自營商,5719,2655285,4374,2031126,1345,624159,18557,8621436,4801,2229027,13756,6392409
2016/10/24,小型臺指期貨,投信,0,0,0,0,0,0,652,303473,0,0,652,303473
2016/10/24,小型臺指期貨,外資及陸資,23610,10976248,22877,10636533,733,339714,1972,915988,1748,806838,224,109150
2016/10/25,小型臺指期貨,自營商,8564,3995466,6343,2960851,2221,1034615,18376,8598142,5523,2584089,12853,6014053
2016/10/25,小型臺指期貨,投信,0,0,0,0,0,0,652,305625,0,0,652,305625
2016/10/25,小型臺指期貨,外資及陸資,21873,10217817,21446,10020716,427,197100,2906,1360465,1603,744692,1303,615773
2016/10/26,小型臺指期貨,自營商,2751,1283822,6664,3107007,-3913,-1823185,15427,7185184,6468,3011132,8959,4174052
2016/10/26,小型臺指期貨,投信,2,934,2,934,0,0,652,304288,0,0,652,304288
2016/10/26,小型臺指期貨,外資及陸資,16497,7704282,17764,8296166,-1267,-591884,1472,685299,1540,711972,-68,-26673
2016/10/27,小型臺指期貨,自營商,6516,3027031,8815,4091040,-2299,-1064009,14359,6654769,7407,3430714,6952,3224055
2016/10/27,小型臺指期貨,投信,0,0,360,167454,-360,-167454,292,135605,0,0,292,135605
2016/10/27,小型臺指期貨,外資及陸資,27187,12645230,28042,13044330,-855,-399099,1143,529124,1530,703678,-387,-174554
2016/10/28,小型臺指期貨,自營商,4177,1936400,5583,2587829,-1406,-651428,11766,5446134,7632,3533992,4134,1912142
2016/10/28,小型臺指期貨,投信,0,0,0,0,0,0,292,135473,0,0,292,135473
2016/10/28,小型臺指期貨,外資及陸資,21182,9830906,21032,9761181,150,69725,949,438715,1526,701488,-577,-262773
2016/10/31,小型臺指期貨,自營商,8999,4155336,8591,3959324,408,196013,12055,5583895,8153,3778027,3902,1805868
2016/10/31,小型臺指期貨,投信,0,0,225,104571,-225,-104571,67,31101,0,0,67,31101
2016/10/31,小型臺指期貨,外資及陸資,30925,14276878,31676,14625276,-751,-348398,1603,742584,1495,687422,108,55162
2016/11/1,小型臺指期貨,自營商,5386,2493537,4889,2259293,497,234244,12872,5959689,8425,3901851,4447,2057838
2016/11/1,小型臺指期貨,投信,0,0,0,0,0,0,67,31081,0,0,67,31081
2016/11/1,小型臺指期貨,外資及陸資,18662,8641888,19148,8866183,-486,-224295,1599,740289,1505,691781,94,48508
2016/11/2,小型臺指期貨,自營商,7198,3298763,12494,5727778,-5296,-2429015,11483,5248658,12500,5714254,-1017,-465596
2016/11/2,小型臺指期貨,投信,0,0,180,82503,-180,-82503,67,30679,180,82422,-113,-51743
2016/11/2,小型臺指期貨,外資及陸資,28296,12986126,29123,13370706,-827,-384580,1184,540727,1741,790730,-557,-250003
2016/11/3,小型臺指期貨,自營商,4965,2259329,7603,3459534,-2638,-1200205,11658,5289107,15253,6919663,-3595,-1630556
2016/11/3,小型臺指期貨,投信,0,0,180,81825,-180,-81825,67,30445,360,163584,-293,-133139
2016/11/3,小型臺指期貨,外資及陸資,28661,13062522,30087,13713168,-1426,-650646,447,201675,2382,1075945,-1935,-874270
2016/11/4,小型臺指期貨,自營商,3745,1695907,4247,1922638,-502,-226731,11511,5208109,15516,7020009,-4005,-1811900
2016/11/4,小型臺指期貨,投信,0,0,0,0,0,0,67,30361,360,163134,-293,-132773
2016/11/4,小型臺指期貨,外資及陸資,20668,9372277,20749,9408827,-81,-36550,518,233327,2306,1038866,-1788,-805539
2016/11/7,小型臺指期貨,自營商,9342,4273563,4679,2143441,4663,2130121,10208,4683264,9866,4526841,342,156423
2016/11/7,小型臺指期貨,投信,0,0,405,186078,-405,-186078,67,30807,765,351747,-698,-320940
2016/11/7,小型臺指期貨,外資及陸資,20281,9289604,18192,8333654,2089,955949,2336,1072532,2151,982485,185,90047
2016/11/8,小型臺指期貨,自營商,6582,3024013,5053,2319971,1529,704042,10550,4852790,8607,3959086,1943,893704
2016/11/8,小型臺指期貨,投信,180,82637,0,0,180,82637,67,30897,585,269773,-518,-238876
2016/11/8,小型臺指期貨,外資及陸資,23833,10962306,22966,10563813,867,398494,2779,1279812,1915,876398,864,403414
2016/11/9,小型臺指期貨,自營商,25016,11347992,32690,14829305,-7674,-3481313,10684,4756452,15889,7071265,-5205,-2314813
2016/11/9,小型臺指期貨,投信,585,268732,0,0,585,268732,67,29902,0,0,67,29902
2016/11/9,小型臺指期貨,外資及陸資,108807,49338695,111153,50426002,-2346,-1087307,1607,715483,2110,934854,-503,-219371
2016/11/10,小型臺指期貨,自營商,13050,5967308,7258,3322564,5792,2644743,11603,5309189,11176,5114615,427,194574
2016/11/10,小型臺指期貨,投信,180,82373,0,0,180,82373,247,113324,0,0,247,113324
2016/11/10,小型臺指期貨,外資及陸資,28332,12983912,26400,12099687,1932,884225,2642,1210587,1757,799557,885,411030
2016/11/11,小型臺指期貨,自營商,10732,4819840,18557,8334949,-7825,-3515109,8971,4010933,17673,7904920,-8702,-3893987
2016/11/11,小型臺指期貨,投信,0,0,180,80778,-180,-80778,67,30039,0,0,67,30039
2016/11/11,小型臺指期貨,外資及陸資,37573,16887142,39096,17575911,-1523,-688769,1944,870036,2266,1009873,-322,-139837
2016/11/14,小型臺指期貨,自營商,13931,6216951,14305,6379811,-374,-162860,9122,4071795,18082,8072911,-8960,-4001116
2016/11/14,小型臺指期貨,投信,0,0,0,0,0,0,67,29966,0,0,67,29966
2016/11/14,小型臺指期貨,外資及陸資,34031,15196694,34538,15422667,-507,-225973,1916,855728,2689,1197043,-773,-341315
2016/11/15,小型臺指期貨,自營商,9498,4244954,8693,3883347,805,361607,5054,2251551,12613,5621583,-7559,-3370032
2016/11/15,小型臺指期貨,投信,23,10281,47,20994,-24,-10713,71,31707,28,12485,43,19222
2016/11/15,小型臺指期貨,外資及陸資,27838,12447824,27753,12410716,85,37107,1521,678285,2353,1045740,-832,-367455
2016/11/16,小型臺指期貨,自營商,15329,6888203,11344,5097242,3985,1790961,2897,1291940,5832,2601990,-2935,-1310050
2016/11/16,小型臺指期貨,投信,360,161397,0,0,360,161397,355,158969,0,0,355,158969
2016/11/16,小型臺指期貨,外資及陸資,20653,9276556,20854,9366986,-201,-90430,560,249825,1315,583737,-755,-333912
2016/11/17,小型臺指期貨,自營商,7791,3481323,6784,3028636,1007,452687,3282,1464915,5222,2329627,-1940,-864712
2016/11/17,小型臺指期貨,投信,405,181243,0,0,405,181243,760,340480,0,0,760,340480
2016/11/17,小型臺指期貨,外資及陸資,26319,11763976,26151,11690800,168,73176,1010,451514,1397,620859,-387,-169345
2016/11/18,小型臺指期貨,自營商,8506,3813023,7207,3226944,1299,586080,3445,1541580,4066,1818057,-621,-276477
2016/11/18,小型臺指期貨,投信,0,0,0,0,0,0,760,341506,0,0,760,341506
2016/11/18,小型臺指期貨,外資及陸資,24994,11197161,24345,10907489,649,289672,1511,677968,1341,597503,170,80465
2016/11/21,小型臺指期貨,自營商,4622,2079269,3600,1618299,1022,460970,3771,1693294,3318,1486628,453,206666
2016/11/21,小型臺指期貨,投信,0,0,0,0,0,0,760,342646,0,0,760,342646
2016/11/21,小型臺指期貨,外資及陸資,17017,7656877,16710,7518960,307,137917,2082,937661,1237,552586,845,385075
2016/11/22,小型臺指期貨,自營商,11696,5319850,5694,2592892,6002,2726958,8021,3656325,1498,678370,6523,2977955
2016/11/22,小型臺指期貨,投信,0,0,0,0,0,0,760,347282,0,0,760,347282
2016/11/22,小型臺指期貨,外資及陸資,22231,10116269,20447,9307587,1784,808682,3141,1434212,1172,530212,1969,904000
2016/11/23,小型臺指期貨,自營商,4861,2226160,4237,1939620,624,286540,8690,3977635,1408,641049,7282,3336586
2016/11/23,小型臺指期貨,投信,0,0,0,0,0,0,760,348726,0,0,760,348726
2016/11/23,小型臺指期貨,外資及陸資,16081,7370485,15923,7298175,158,72310,3246,1488315,1252,569134,1994,919181
2016/11/24,小型臺指期貨,自營商,4250,1941336,5941,2711673,-1691,-770337,7074,3224318,1367,618326,5707,2605992
2016/11/24,小型臺指期貨,投信,0,0,0,0,0,0,760,347396,0,0,760,347396
2016/11/24,小型臺指期貨,外資及陸資,17466,7983793,18548,8479436,-1082,-495642,2419,1104645,1119,506120,1300,598525
2016/11/25,小型臺指期貨,自營商,4841,2216141,4736,2167505,105,48636,6629,3026792,1129,510864,5500,2515928
2016/11/25,小型臺指期貨,投信,0,0,0,0,0,0,760,348118,0,0,760,348118
2016/11/25,小型臺指期貨,外資及陸資,18536,8492366,17856,8180747,680,311619,2760,1263146,1128,511486,1632,751660
2016/11/28,小型臺指期貨,自營商,7667,3527606,5503,2532978,2164,994627,8361,3845040,1045,476622,7316,3368418
2016/11/28,小型臺指期貨,投信,0,0,405,186753,-405,-186753,355,163708,0,0,355,163708
2016/11/28,小型臺指期貨,外資及陸資,22562,10390501,20876,9614620,1686,775881,4069,1875343,1135,518210,2934,1357133
2016/11/29,小型臺指期貨,自營商,3991,1836709,4628,2128953,-637,-292244,7306,3351034,787,356610,6519,2994424
2016/11/29,小型臺指期貨,投信,315,144972,0,0,315,144972,670,308267,0,0,670,308267
2016/11/29,小型臺指期貨,外資及陸資,19594,9029308,20883,9623810,-1289,-594502,3485,1602328,1132,515548,2353,1086780
2016/11/30,小型臺指期貨,自營商,6396,2942386,6607,3039118,-211,-96732,7248,3332847,871,396890,6377,2935957
2016/11/30,小型臺指期貨,投信,0,0,0,0,0,0,670,309105,0,0,670,309105
2016/11/30,小型臺指期貨,外資及陸資,23242,10707721,22729,10472055,513,235666,3768,1737296,1103,503710,2665,1233586
2016/12/1,小型臺指期貨,自營商,6366,2941453,5838,2696560,528,244892,8115,3745361,1170,536673,6945,3208688
2016/12/1,小型臺指期貨,投信,0,0,0,0,0,0,670,310210,0,0,670,310210
2016/12/1,小型臺指期貨,外資及陸資,23689,10958825,22834,10562757,855,396068,4480,2073120,1232,565172,3248,1507948
2016/12/2,小型臺指期貨,自營商,5544,2540241,9278,4247860,-3734,-1707619,5817,2654945,2426,1105023,3391,1549922
2016/12/2,小型臺指期貨,投信,0,0,0,0,0,0,670,306961,0,0,670,306961
2016/12/2,小型臺指期貨,外資及陸資,20473,9384910,22957,10524580,-2484,-1139670,2626,1202065,1350,613379,1276,588686
2016/12/5,小型臺指期貨,自營商,5398,2468247,5894,2692325,-496,-224078,5858,2671065,3027,1378912,2831,1292153
2016/12/5,小型臺指期貨,投信,0,0,0,0,0,0,670,306760,0,0,670,306760
2016/12/5,小型臺指期貨,外資及陸資,20316,9297965,20020,9161149,296,136816,2861,1308788,1261,571945,1600,736843
2016/12/6,小型臺指期貨,自營商,10845,5012879,6630,3067244,4215,1945635,9860,4551637,3150,1452841,6710,3098796
2016/12/6,小型臺指期貨,投信,0,0,0,0,0,0,670,310277,0,0,670,310277
2016/12/6,小型臺指期貨,外資及陸資,18183,8420118,15853,7342049,2330,1078069,4829,2235241,1331,611140,3498,1624101
2016/12/7,小型臺指期貨,自營商,4930,2284004,5466,2530647,-536,-246644,7733,3569477,2094,964480,5639,2604997
2016/12/7,小型臺指期貨,投信,0,0,0,0,0,0,670,310277,0,0,670,310277
2016/12/7,小型臺指期貨,外資及陸資,14665,6801244,15472,7175446,-807,-374201,4295,1988031,1290,592314,3005,1395717
2016/12/8,小型臺指期貨,自營商,8878,4141482,5879,2743335,2999,1398147,11194,5226700,2624,1224110,8570,4002590
2016/12/8,小型臺指期貨,投信,0,0,0,0,0,0,670,313828,0,0,670,313828
2016/12/8,小型臺指期貨,外資及陸資,15850,7404837,15553,7267383,297,137454,4817,2255220,1215,563904,3602,1691316
2016/12/9,小型臺指期貨,自營商,4464,2090505,3154,1476448,1310,614057,12751,5969548,2951,1380350,9800,4589198
2016/12/9,小型臺指期貨,投信,0,0,0,0,0,0,670,314532,0,0,670,314532
2016/12/9,小型臺指期貨,外資及陸資,13191,6187943,12961,6080768,230,107175,4961,2327884,1209,562516,3752,1765368
2016/12/12,小型臺指期貨,自營商,5635,2642127,8451,3960579,-2816,-1318452,9113,4249311,937,433431,8176,3815880
2016/12/12,小型臺指期貨,投信,0,0,315,147448,-315,-147448,355,166069,0,0,355,166069
2016/12/12,小型臺指期貨,外資及陸資,23419,10996628,24102,11317529,-683,-320901,4191,1959740,1194,553867,2997,1405873
2016/12/13,小型臺指期貨,自營商,3820,1786265,2565,1200078,1255,586187,10364,4846343,937,434816,9427,4411527
2016/12/13,小型臺指期貨,投信,0,0,0,0,0,0,355,166477,0,0,355,166477
2016/12/13,小型臺指期貨,外資及陸資,12947,6058851,13080,6122646,-133,-63795,4019,1883881,1195,555764,2824,1328117
2016/12/14,小型臺指期貨,自營商,4036,1890834,4102,1919395,-66,-28560,10612,4957377,1240,575406,9372,4381971
2016/12/14,小型臺指期貨,投信,0,0,0,0,0,0,355,166300,0,0,355,166300
2016/12/14,小型臺指期貨,外資及陸資,14456,6778296,14931,7001529,-475,-223233,3541,1657970,1195,555288,2346,1102682
2016/12/15,小型臺指期貨,自營商,7729,3604812,9430,4395623,-1701,-790811,9670,4516099,1947,906445,7723,3609654
2016/12/15,小型臺指期貨,投信,0,0,360,168600,-360,-168600,23,10773,28,13115,-5,-2342
2016/12/15,小型臺指期貨,外資及陸資,22514,10507624,23078,10770613,-564,-262989,3452,1616033,1210,562456,2242,1053577
2016/12/16,小型臺指期貨,自營商,4795,2238840,8569,3998947,-3774,-1760107,7173,3329964,3140,1456304,4033,1873660
2016/12/16,小型臺指期貨,投信,0,0,315,147060,-315,-147060,23,10708,343,159684,-320,-148976
2016/12/16,小型臺指期貨,外資及陸資,10082,4710555,11714,5474148,-1632,-763593,2360,1097936,1454,672963,906,424973
2016/12/19,小型臺指期貨,自營商,5831,2703901,8724,4041513,-2893,-1337611,6260,2885930,4816,2220031,1444,665899
2016/12/19,小型臺指期貨,投信,0,0,0,0,0,0,23,10631,343,158535,-320,-147904
2016/12/19,小型臺指期貨,外資及陸資,17917,8313635,19209,8912618,-1292,-598983,1491,688358,1185,543963,306,144395
2016/12/20,小型臺指期貨,自營商,7086,3270710,8339,3848006,-1253,-577296,6452,2980900,5273,2435747,1179,545153
2016/12/20,小型臺指期貨,投信,330,152106,15,6929,315,145177,23,10644,28,12964,-5,-2320
2016/12/20,小型臺指期貨,外資及陸資,18118,8365075,18217,8411401,-99,-46326,1529,707029,1446,666116,83,40913
2016/12/21,小型臺指期貨,自營商,7467,3448048,8437,3896729,-970,-448682,3515,1616864,1327,607751,2188,1009113
2016/12/21,小型臺指期貨,投信,8,3697,323,149212,-315,-145515,23,10609,315,145294,-292,-134685
2016/12/21,小型臺指期貨,外資及陸資,14786,6830431,14975,6918092,-189,-87661,817,376328,1268,582252,-451,-205924
2016/12/22,小型臺指期貨,自營商,4707,2154045,7984,3655976,-3277,-1501931,3223,1467643,4564,2077339,-1341,-609696
2016/12/22,小型臺指期貨,投信,0,0,0,0,0,0,23,10497,315,143766,-292,-133269
2016/12/22,小型臺指期貨,外資及陸資,19900,9120731,21402,9812014,-1502,-691283,516,235066,2129,969550,-1613,-734484
2016/12/23,小型臺指期貨,自營商,3973,1808974,5068,2305278,-1095,-496304,2990,1356618,5598,2538220,-2608,-1181602
2016/12/23,小型臺指期貨,投信,0,0,315,143806,-315,-143806,23,10456,630,286398,-607,-275942
2016/12/23,小型臺指期貨,外資及陸資,18899,8610404,19811,9026238,-912,-415834,496,225138,2437,1105287,-1941,-880149
2016/12/26,小型臺指期貨,自營商,2638,1200718,2424,1102435,214,98283,3035,1381897,5521,2511810,-2486,-1129913
2016/12/26,小型臺指期貨,投信,0,0,0,0,0,0,23,10493,630,287406,-607,-276913
2016/12/26,小型臺指期貨,外資及陸資,12114,5517230,12347,5623443,-233,-106213,489,222741,2535,1154053,-2046,-931312
2016/12/27,小型臺指期貨,自營商,1302,593001,1583,720054,-281,-127053,2960,1346304,5803,2636448,-2843,-1290144
2016/12/27,小型臺指期貨,投信,0,0,0,0,0,0,23,10480,630,287060,-607,-276580
2016/12/27,小型臺指期貨,外資及陸資,8213,3743219,8839,4028843,-626,-285624,491,223334,2823,1283925,-2332,-1060591
2016/12/28,小型臺指期貨,自營商,8511,3901180,4064,1865408,4447,2035772,5109,2348809,3834,1758259,1275,590550
2016/12/28,小型臺指期貨,投信,315,144694,0,0,315,144694,23,10593,315,145073,-292,-134480
2016/12/28,小型臺指期貨,外資及陸資,17109,7845676,15806,7251684,1303,593992,569,261393,1780,817073,-1211,-555680
2016/12/29,小型臺指期貨,自營商,3612,1658103,3466,1590135,146,67968,4897,2243793,3812,1741751,1085,502042
2016/12/29,小型臺指期貨,投信,315,144654,315,144801,0,-148,23,10558,315,144601,-292,-134043
2016/12/29,小型臺指期貨,外資及陸資,16266,7472958,16205,7445907,61,27051,603,276162,1973,903098,-1370,-626936
2016/12/30,小型臺指期貨,自營商,8589,3968794,5950,2749464,2639,1219330,6826,3153415,3178,1463010,3648,1690405
2016/12/30,小型臺指期貨,投信,0,0,315,145866,-315,-145866,23,10651,630,291753,-607,-281102
2016/12/30,小型臺指期貨,外資及陸資,20015,9256154,18693,8646540,1322,609614,787,363744,1383,637874,-596,-274130
2017/1/3,小型臺指期貨,自營商,3827,1770476,3723,1721383,104,49093,6910,3197927,3142,1448920,3768,1749007
2017/1/3,小型臺指期貨,投信,0,0,0,0,0,0,23,10672,630,292320,-607,-281648
2017/1/3,小型臺指期貨,外資及陸資,17428,8064641,16876,7809449,552,255192,1298,601508,1530,707222,-232,-105714
2017/1/4,小型臺指期貨,自營商,3190,1478325,5003,2318527,-1813,-840202,6493,3001432,4585,2116194,1908,885238
2017/1/4,小型臺指期貨,投信,315,146057,0,0,315,146057,23,10662,315,146018,-292,-135356
2017/1/4,小型臺指期貨,外資及陸資,14414,6686732,14636,6789612,-222,-102880,1338,619487,1558,719549,-220,-100062
2017/1/5,小型臺指期貨,自營商,10696,4976646,4822,2245659,5874,2730987,11413,5318253,3503,1628037,7910,3690216
2017/1/5,小型臺指期貨,投信,630,294431,0,0,630,294431,338,157880,0,0,338,157880
2017/1/5,小型臺指期貨,外資及陸資,22149,10311744,20015,9319208,2134,992536,3495,1631442,1561,724358,1934,907084
2017/1/6,小型臺指期貨,自營商,3782,1767895,2816,1316395,966,451500,11743,5485202,3383,1575878,8360,3909324
2017/1/6,小型臺指期貨,投信,0,0,0,0,0,0,338,158269,0,0,338,158269
2017/1/6,小型臺指期貨,外資及陸資,11187,5234130,11040,5165389,147,68742,3282,1535765,1569,729459,1713,806306
2017/1/9,小型臺指期貨,自營商,7876,3684813,8120,3797161,-244,-112349,10768,5017936,2652,1230479,8116,3787457
2017/1/9,小型臺指期貨,投信,0,0,0,0,0,0,338,157880,0,0,338,157880
2017/1/9,小型臺指期貨,外資及陸資,20885,9779195,21068,9864894,-183,-85699,3196,1491961,1650,765686,1546,726275
2017/1/10,小型臺指期貨,自營商,3855,1798131,4487,2092766,-632,-294635,10250,4774904,2810,1304045,7440,3470859
2017/1/10,小型臺指期貨,投信,0,0,0,0,0,0,338,157863,0,0,338,157863
2017/1/10,小型臺指期貨,外資及陸資,14249,6649868,14234,6643370,15,6499,3683,1719162,1834,851620,1849,867542
2017/1/11,小型臺指期貨,自營商,6238,2918105,6895,3223457,-657,-305352,9896,4608303,3199,1485143,6697,3123160
2017/1/11,小型臺指期貨,投信,0,0,0,0,0,0,338,157795,0,0,338,157795
2017/1/11,小型臺指期貨,外資及陸資,15937,7455638,16270,7610624,-333,-154987,3592,1675998,1907,885066,1685,790932
2017/1/12,小型臺指期貨,自營商,12139,5699125,8060,3788438,4079,1910687,14953,7020186,4637,2173935,10316,4846251
2017/1/12,小型臺指期貨,投信,0,0,0,0,0,0,338,159046,0,0,338,159046
2017/1/12,小型臺指期貨,外資及陸資,21149,9940969,18965,8917683,2184,1023286,5192,2442129,1907,891811,3285,1550318
2017/1/13,小型臺指期貨,自營商,3889,1822581,6327,2963748,-2438,-1141167,12576,5882291,3490,1627838,9086,4254453
2017/1/13,小型臺指期貨,投信,0,0,315,147641,-315,-147641,23,10781,0,0,23,10781
2017/1/13,小型臺指期貨,外資及陸資,12395,5811088,14447,6773985,-2052,-962897,3572,1673636,1943,905789,1629,767847
2017/1/16,小型臺指期貨,自營商,6843,3180747,10986,5105584,-4143,-1924837,9774,4527601,3687,1702975,6087,2824626
2017/1/16,小型臺指期貨,投信,0,0,0,0,0,0,23,10678,0,0,23,10678
2017/1/16,小型臺指期貨,外資及陸資,18704,8695284,20865,9702387,-2161,-1007103,1904,883728,2104,972092,-200,-88364
2017/1/17,小型臺指期貨,自營商,9210,4290785,5850,2726459,3360,1564327,12183,5675322,2020,933977,10163,4741345
2017/1/17,小型臺指期貨,投信,23,10729,23,10736,0,-7,23,10734,0,0,23,10734
2017/1/17,小型臺指期貨,外資及陸資,13641,6356839,12540,5844677,1101,512162,2803,1308162,2038,946859,765,361303
2017/1/18,小型臺指期貨,自營商,6083,2837196,6269,2923239,-186,-86043,9200,4273572,1607,739198,7593,3534374
2017/1/18,小型臺指期貨,投信,0,0,0,0,0,0,23,10713,0,0,23,10713
2017/1/18,小型臺指期貨,外資及陸資,11346,5288847,12164,5670353,-818,-381506,1526,710462,1252,578127,274,132335
2017/1/19,小型臺指期貨,自營商,7374,3427930,7357,3416358,17,11572,9646,4475999,2024,930800,7622,3545199
2017/1/19,小型臺指期貨,投信,0,0,2,931,-2,-931,21,9769,0,0,21,9769
2017/1/19,小型臺指期貨,外資及陸資,21934,10193092,21297,9896902,637,296190,1702,791367,1219,562179,483,229188
2017/1/20,小型臺指期貨,自營商,4191,1950102,3206,1492277,985,457825,10114,4705584,1775,817212,8339,3888372
2017/1/20,小型臺指期貨,投信,0,0,0,0,0,0,21,9797,0,0,21,9797
2017/1/20,小型臺指期貨,外資及陸資,12525,5833013,11248,5238350,1277,594664,2603,1213929,1199,554526,1404,659403
2017/1/23,小型臺指期貨,自營商,8654,4058660,5474,2568568,3180,1490092,13549,6356586,2134,993054,11415,5363532
2017/1/23,小型臺指期貨,投信,0,0,0,0,0,0,21,9877,0,0,21,9877
2017/1/23,小型臺指期貨,外資及陸資,18982,8914392,18047,8477433,935,436959,3099,1457265,1148,535301,1951,921964
2017/1/24,小型臺指期貨,自營商,5392,2540838,4770,2246843,622,293995,14726,6935374,2721,1272347,12005,5663027
2017/1/24,小型臺指期貨,投信,0,0,0,0,0,0,21,9914,0,0,21,9914
2017/1/24,小型臺指期貨,外資及陸資,12334,5817915,12384,5842282,-50,-24367,3076,1451822,1135,531214,1941,920608
2017/2/2,小型臺指期貨,自營商,8150,3846173,11092,5227414,-2942,-1381242,12217,5708937,3103,1442179,9114,4266758
2017/2/2,小型臺指期貨,投信,0,0,0,0,0,0,21,9844,0,0,21,9844
2017/2/2,小型臺指期貨,外資及陸資,23525,11105132,24329,11481866,-804,-376734,2504,1173416,1209,561679,1295,611737
2017/2/3,小型臺指期貨,自營商,7492,3531609,4773,2247648,2719,1283961,15057,7085727,3360,1572992,11697,5512735
2017/2/3,小型臺指期貨,投信,0,0,0,0,0,0,21,9909,0,0,21,9909
2017/2/3,小型臺指期貨,外資及陸資,17181,8103594,17188,8107867,-7,-4273,2888,1362326,1204,563062,1684,799264
2017/2/6,小型臺指期貨,自營商,10883,5158189,8255,3913681,2628,1244507,18190,8622848,4125,1948275,14065,6674573
2017/2/6,小型臺指期貨,投信,225,107029,0,0,225,107029,246,116912,0,0,246,116912
2017/2/6,小型臺指期貨,外資及陸資,20666,9803945,20297,9629979,369,173966,3571,1696461,1202,565966,2369,1130495
2017/2/7,小型臺指期貨,自營商,4905,2329513,3533,1676492,1372,653020,19310,9169061,3993,1887953,15317,7281108
2017/2/7,小型臺指期貨,投信,0,0,0,0,0,0,246,117096,0,0,246,117096
2017/2/7,小型臺指期貨,外資及陸資,13099,6225007,12933,6147121,166,77886,3724,1771967,1201,566339,2523,1205628
2017/2/8,小型臺指期貨,自營商,7586,3602515,8143,3860221,-557,-257706,17602,8351710,3126,1471928,14476,6879782
2017/2/8,小型臺指期貨,投信,225,107090,0,0,225,107090,471,224078,0,0,471,224078
2017/2/8,小型臺指期貨,外資及陸資,20261,9624550,20835,9896991,-574,-272441,3639,1730344,1461,688976,2178,1041368
2017/2/9,小型臺指期貨,自營商,13240,6314627,6919,3301002,6321,3013624,19942,9518497,1905,897822,18037,8620675
2017/2/9,小型臺指期貨,投信,0,0,0,0,0,0,471,225468,0,0,471,225468
2017/2/9,小型臺指期貨,外資及陸資,18025,8599378,17049,8135915,976,463463,4601,2201357,1475,699124,3126,1502233
2017/2/10,小型臺指期貨,自營商,10868,5231355,11719,5644418,-851,-413062,19979,9621259,1917,912102,18062,8709157
2017/2/10,小型臺指期貨,投信,0,0,0,0,0,0,471,227422,0,0,471,227422
2017/2/10,小型臺指期貨,外資及陸資,21695,10452670,21956,10579210,-261,-126540,4462,2153610,1473,704863,2989,1448747
2017/2/13,小型臺指期貨,自營商,6058,2929127,5811,2807947,247,121180,20104,9728027,2231,1068609,17873,8659418
2017/2/13,小型臺指期貨,投信,18,8723,18,8715,0,8,489,237263,18,8721,471,228542
2017/2/13,小型臺指期貨,外資及陸資,16349,7913958,16562,8018053,-213,-104095,4520,2191628,1412,678517,3108,1513111
2017/2/14,小型臺指期貨,自營商,9792,4754686,12739,6184285,-2947,-1429599,17133,8295315,1835,878069,15298,7417246
2017/2/14,小型臺指期貨,投信,21,10194,246,119834,-225,-109640,264,128137,18,8730,246,119407
2017/2/14,小型臺指期貨,外資及陸資,25250,12274075,26221,12749039,-971,-474964,3983,1932206,1538,740437,2445,1191769
2017/2/15,小型臺指期貨,自營商,12690,6183038,12290,5997384,400,185653,12830,6267523,897,427519,11933,5840004
2017/2/15,小型臺指期貨,投信,243,118214,243,118297,0,-83,246,120552,0,0,246,120552
2017/2/15,小型臺指期貨,外資及陸資,17403,8485447,16499,8048028,904,437419,2498,1222221,1211,588519,1287,633702
2017/2/16,小型臺指期貨,自營商,5838,2856347,11408,5578363,-5570,-2722016,9631,4687787,4212,2042080,5419,2645707
2017/2/16,小型臺指期貨,投信,225,109934,0,0,225,109934,471,230084,0,0,471,230084
2017/2/16,小型臺指期貨,外資及陸資,25823,12645175,26904,13177793,-1081,-532619,2298,1120391,2080,1011349,218,109042
2017/2/17,小型臺指期貨,自營商,2989,1458680,3620,1765258,-631,-306577,9500,4620235,4804,2328467,4696,2291768
2017/2/17,小型臺指期貨,投信,280,136781,0,0,280,136781,751,366601,0,0,751,366601
2017/2/17,小型臺指期貨,外資及陸資,15924,7775815,16033,7830075,-109,-54260,2551,1242771,2066,1003643,485,239128
2017/2/18,小型臺指期貨,自營商,1416,691760,1301,634884,115,56876,9683,4720033,4768,2315287,4915,2404746
2017/2/18,小型臺指期貨,投信,0,0,225,110068,-225,-110068,526,257372,0,0,526,257372
2017/2/18,小型臺指期貨,外資及陸資,1812,885996,1739,850411,73,35586,2604,1271675,2046,996036,558,275639
2017/2/20,小型臺指期貨,自營商,5830,2847344,6139,2994698,-309,-147354,10147,4937248,5517,2674727,4630,2262521
2017/2/20,小型臺指期貨,投信,225,109990,0,0,225,109990,751,366713,0,0,751,366713
2017/2/20,小型臺指期貨,外資及陸資,20370,9955787,21032,10280585,-662,-324798,2490,1212780,2818,1370844,-328,-158064
2017/2/21,小型臺指期貨,自營商,4944,2408301,5264,2562816,-320,-154516,10649,5183890,6147,2983048,4502,2200842
2017/2/21,小型臺指期貨,投信,0,0,0,0,0,0,751,366751,0,0,751,366751
2017/2/21,小型臺指期貨,外資及陸資,19860,9684547,20910,10195959,-1050,-511412,2520,1227502,3554,1730730,-1034,-503228
2017/2/22,小型臺指期貨,自營商,6642,3250372,7584,3708897,-942,-458525,10711,5221537,6757,3285511,3954,1936026
2017/2/22,小型臺指期貨,投信,0,0,225,110111,-225,-110111,526,257293,0,0,526,257293
2017/2/22,小型臺指期貨,外資及陸資,22997,11263652,23906,11708405,-909,-444753,2333,1138532,4582,2236221,-2249,-1097689
2017/2/23,小型臺指期貨,自營商,6990,3416445,6229,3042832,761,373613,11369,5537830,6198,3008924,5171,2528906
2017/2/23,小型臺指期貨,投信,0,0,50,24433,-50,-24433,526,257030,50,24433,476,232597
2017/2/23,小型臺指期貨,外資及陸資,22736,11125140,22111,10819938,625,305202,2308,1125110,3672,1789443,-1364,-664333
2017/2/24,小型臺指期貨,自營商,6099,2975217,6780,3304339,-681,-329122,11522,5605421,6944,3369113,4578,2236308
2017/2/24,小型臺指期貨,投信,0,0,225,109783,-225,-109783,301,146888,50,24400,251,122488
2017/2/24,小型臺指期貨,外資及陸資,17738,8658909,17402,8495025,336,163884,2218,1079983,3594,1749069,-1376,-669086
2017/3/1,小型臺指期貨,自營商,6121,2970551,10358,5024695,-4237,-2054144,9851,4755232,9124,4396018,727,359214
2017/3/1,小型臺指期貨,投信,0,0,0,0,0,0,301,145729,50,24208,251,121521
2017/3/1,小型臺指期貨,外資及陸資,25999,12632560,28499,13849191,-2500,-1216632,2083,1006162,6071,2934640,-3988,-1928478
2017/3/2,小型臺指期貨,自營商,7722,3746868,10006,4850166,-2284,-1103297,9500,4590353,10833,5228034,-1333,-637681
2017/3/2,小型臺指期貨,投信,0,0,0,0,0,0,301,145850,50,24228,251,121622
2017/3/2,小型臺指期貨,外資及陸資,30349,14739868,30004,14572631,345,167238,2396,1158546,6415,3103668,-4019,-1945122
2017/3/3,小型臺指期貨,自營商,5965,2872250,7535,3626177,-1570,-753927,8863,4255135,11602,5563014,-2739,-1307879
2017/3/3,小型臺指期貨,投信,0,0,0,0,0,0,301,144932,50,24075,251,120857
2017/3/3,小型臺指期貨,外資及陸資,23916,11534218,24125,11635548,-209,-101331,2307,1108748,6687,3215002,-4380,-2106254
2017/3/6,小型臺指期貨,自營商,6563,3163549,4521,2180504,2042,983045,9621,4641781,10594,5105404,-973,-463623
2017/3/6,小型臺指期貨,投信,0,0,225,108848,-225,-108848,301,145714,275,133128,26,12586
2017/3/6,小型臺指期貨,外資及陸資,21371,10318561,19815,9568805,1556,749756,2435,1176618,5183,2503930,-2748,-1327312
2017/3/7,小型臺指期貨,自營商,6226,3017985,5328,2584790,898,433195,10453,5066151,10808,5234422,-355,-168271
2017/3/7,小型臺指期貨,投信,28,13621,225,109460,-197,-95840,329,160026,500,243200,-171,-83174
2017/3/7,小型臺指期貨,外資及陸資,18090,8779022,18142,8804861,-52,-25839,2354,1142528,5098,2474419,-2744,-1331891
2017/3/8,小型臺指期貨,自營商,7788,3786985,6433,3127132,1355,659853,11142,5411242,10478,5083667,664,327575
2017/3/8,小型臺指期貨,投信,2,973,0,0,2,973,331,161296,500,243650,-169,-82354
2017/3/8,小型臺指期貨,外資及陸資,20936,10185440,20542,9994179,394,191262,2225,1081592,4500,2187783,-2275,-1106191
2017/3/9,小型臺指期貨,自營商,7931,3830785,13962,6746759,-6031,-2915974,9256,4450668,14023,6741504,-4767,-2290836
2017/3/9,小型臺指期貨,投信,0,0,0,0,0,0,331,159691,500,241225,-169,-81534
2017/3/9,小型臺指期貨,外資及陸資,23869,11539788,26695,12911702,-2826,-1371914,1835,883091,7052,3397429,-5217,-2514338
2017/3/10,小型臺指期貨,自營商,14768,7084820,15828,7588210,-1060,-503390,8531,4089540,14318,6863543,-5787,-2774003
2017/3/10,小型臺指期貨,投信,50,24062,0,0,50,24062,331,159277,450,216540,-119,-57263
2017/3/10,小型臺指期貨,外資及陸資,28779,13815629,28619,13738000,160,77628,1889,906522,7370,3541332,-5481,-2634810
2017/3/13,小型臺指期貨,自營商,13052,6308540,9871,4774625,3181,1533915,9568,4618598,12766,6163094,-3198,-1544496
2017/3/13,小型臺指期貨,投信,55,26554,0,0,55,26554,386,187047,450,218093,-64,-31046
2017/3/13,小型臺指期貨,外資及陸資,22506,10885920,21021,10169284,1485,716637,1853,895110,6265,3031318,-4412,-2136208
2017/3/14,小型臺指期貨,自營商,17799,8660036,14136,6883557,3663,1776479,12994,6312163,10997,5339129,1997,973034
2017/3/14,小型臺指期貨,投信,252,122864,106,51667,146,71197,382,186173,300,146220,82,39953
2017/3/14,小型臺指期貨,外資及陸資,17852,8691813,16432,8002617,1420,689196,2198,1066919,5702,2774355,-3504,-1707436
2017/3/15,小型臺指期貨,自營商,12579,6117027,13049,6345172,-470,-228145,7138,3450286,1837,871084,5301,2579202
2017/3/15,小型臺指期貨,投信,355,172682,355,172532,0,150,102,49608,300,145905,-198,-96297
2017/3/15,小型臺指期貨,外資及陸資,14119,6867747,15190,7388965,-1071,-521218,883,425514,1823,882187,-940,-456673
2017/3/16,小型臺指期貨,自營商,13525,6632890,10306,5059909,3219,1572982,10661,5219818,2281,1102301,8380,4117517
2017/3/16,小型臺指期貨,投信,0,0,0,0,0,0,102,50184,300,147600,-198,-97416
2017/3/16,小型臺指期貨,外資及陸資,21341,10482919,19360,9511062,1981,971857,2171,1063625,1434,701531,737,362094
2017/3/17,小型臺指期貨,自營商,7761,3820878,7021,3457041,740,363837,10991,5406655,2155,1043613,8836,4363042
2017/3/17,小型臺指期貨,投信,0,0,0,0,0,0,102,50434,300,148335,-198,-97901
2017/3/17,小型臺指期貨,外資及陸資,16668,8216569,16443,8107525,225,109044,2486,1224601,1420,698111,1066,526490
2017/3/20,小型臺指期貨,自營商,7240,3574959,8210,4053881,-970,-478922,9951,4897606,2241,1087898,7710,3809708
2017/3/20,小型臺指期貨,投信,0,0,0,0,0,0,102,50470,300,148440,-198,-97970
2017/3/20,小型臺指期貨,外資及陸資,15321,7569874,15028,7425164,293,144710,2763,1361808,1412,694801,1351,667007
2017/3/21,小型臺指期貨,自營商,9288,4616439,9304,4626733,-16,-10294,9926,4919747,2152,1052519,7774,3867228
2017/3/21,小型臺指期貨,投信,0,0,0,0,0,0,102,50811,300,149445,-198,-98634
2017/3/21,小型臺指期貨,外資及陸資,16785,8351044,16298,8111001,487,240042,3355,1665379,1417,701983,1938,963396
2017/3/22,小型臺指期貨,自營商,10635,5252179,13221,6525643,-2586,-1273464,6955,3416955,2530,1230874,4425,2186081
2017/3/22,小型臺指期貨,投信,150,74061,0,0,150,74061,102,50470,150,74220,-48,-23750
2017/3/22,小型臺指期貨,外資及陸資,21478,10610536,21978,10857280,-500,-246744,2848,1403598,1366,671843,1482,731755
2017/3/23,小型臺指期貨,自營商,15101,7482378,16281,8064340,-1180,-581962,7561,3721676,4300,2109480,3261,1612196
2017/3/23,小型臺指期貨,投信,300,148635,0,0,300,148635,252,124853,0,0,252,124853
2017/3/23,小型臺指期貨,外資及陸資,19654,9741640,19739,9785008,-85,-43368,2873,1417878,1324,652229,1549,765649
2017/3/24,小型臺指期貨,自營商,8351,4134208,7606,3763653,745,370555,7724,3799249,3626,1773517,4098,2025732
2017/3/24,小型臺指期貨,投信,0,0,0,0,0,0,252,124740,0,0,252,124740
2017/3/24,小型臺指期貨,外資及陸資,18633,9227862,17748,8789700,885,438162,3009,1484763,1339,658873,1670,825890
2017/3/27,小型臺指期貨,自營商,11775,5812475,13019,6427027,-1244,-614553,6793,3326785,4067,1985460,2726,1341325
2017/3/27,小型臺指期貨,投信,0,0,0,0,0,0,252,124312,0,0,252,124312
2017/3/27,小型臺指期貨,外資及陸資,19100,9435208,19045,9409890,55,25318,3200,1573946,1363,668223,1837,905723
2017/3/28,小型臺指期貨,自營商,12618,6230351,12804,6316979,-186,-86628,6233,3056804,4149,2029713,2084,1027091
2017/3/28,小型臺指期貨,投信,0,0,0,0,0,0,252,124538,0,0,252,124538
2017/3/28,小型臺指期貨,外資及陸資,28622,14130379,29554,14589669,-932,-459289,2288,1125905,1403,689272,885,436633
2017/3/29,小型臺指期貨,自營商,7214,3559032,8600,4241301,-1386,-682269,5475,2676817,4663,2278278,812,398539
2017/3/29,小型臺指期貨,投信,0,0,150,73982,-150,-73982,102,50286,0,0,102,50286
2017/3/29,小型臺指期貨,外資及陸資,19655,9699836,20717,10223791,-1062,-523955,1578,773908,1394,682908,184,91000
2017/3/30,小型臺指期貨,自營商,6769,3334948,6883,3389024,-114,-54075,5753,2812314,4967,2426067,786,386247
2017/3/30,小型臺指期貨,投信,4,1970,0,0,4,1970,106,52194,0,0,106,52194
2017/3/30,小型臺指期貨,外資及陸資,18259,9001033,17977,8862221,282,138812,2101,1030632,1439,704326,662,326306
2017/3/31,小型臺指期貨,自營商,6205,3051830,8117,3990235,-1912,-938405,5340,2603291,6498,3171425,-1158,-568134
2017/3/31,小型臺指期貨,投信,0,0,0,0,0,0,106,52051,0,0,106,52051
2017/3/31,小型臺指期貨,外資及陸資,16791,8266713,17308,8521343,-517,-254631,1783,871792,1566,764215,217,107577
2017/4/5,小型臺指期貨,自營商,19772,9782828,11237,5566261,8535,4216567,11920,5914874,4106,2029949,7814,3884925
2017/4/5,小型臺指期貨,投信,0,0,55,27269,-55,-27269,51,25403,0,0,51,25403
2017/4/5,小型臺指期貨,外資及陸資,23329,11557595,21474,10642737,1855,914858,3490,1733987,1694,838807,1796,895180
2017/4/6,小型臺指期貨,自營商,7220,3576017,11705,5791965,-4485,-2215948,8119,3997175,4550,2231758,3569,1765417
2017/4/6,小型臺指期貨,投信,0,0,0,0,0,0,51,25232,0,0,51,25232
2017/4/6,小型臺指期貨,外資及陸資,17830,8834235,20936,10375131,-3106,-1540896,1674,824156,1868,919369,-194,-95213
2017/4/7,小型臺指期貨,自營商,16029,7879413,18536,9107188,-2507,-1227775,6611,3239814,5717,2796764,894,443050
2017/4/7,小型臺指期貨,投信,0,0,0,0,0,0,51,25146,0,0,51,25146
2017/4/7,小型臺指期貨,外資及陸資,41323,20316872,42798,21044679,-1475,-727808,1721,844694,2530,1242865,-809,-398171
2017/4/10,小型臺指期貨,自營商,7672,3782932,6973,3438472,699,344460,6904,3388433,5539,2712923,1365,675510
2017/4/10,小型臺指期貨,投信,0,0,0,0,0,0,51,25181,0,0,51,25181
2017/4/10,小型臺指期貨,外資及陸資,20166,9949468,19886,9811990,280,137478,1768,869021,2369,1165119,-601,-296098
2017/4/11,小型臺指期貨,自營商,11417,5618681,14325,7043000,-2908,-1424319,7426,3623994,8869,4328509,-1443,-704515
2017/4/11,小型臺指期貨,投信,0,0,0,0,0,0,51,25033,0,0,51,25033
2017/4/11,小型臺指期貨,外資及陸資,26567,13079054,27729,13651528,-1162,-572474,1972,964221,3439,1683455,-1467,-719234
2017/4/12,小型臺指期貨,自營商,11471,5621127,10401,5096383,1070,524744,7294,3557186,7522,3665784,-228,-108598
2017/4/12,小型臺指期貨,投信,0,0,0,0,0,0,51,25026,0,0,51,25026
2017/4/12,小型臺指期貨,外資及陸資,22589,11075208,21522,10552050,1067,523158,2559,1251819,3473,1699589,-914,-447770
2017/4/13,小型臺指期貨,自營商,14455,7103247,11902,5849815,2553,1253432,10180,4986437,7299,3567456,2881,1418981
2017/4/13,小型臺指期貨,投信,0,0,0,0,0,0,51,25105,0,0,51,25105
2017/4/13,小型臺指期貨,外資及陸資,26080,12825411,25477,12530047,603,295365,2747,1348330,2954,1449483,-207,-101153
2017/4/14,小型臺指期貨,自營商,15051,7340052,19979,9736129,-4928,-2396077,7442,3594029,10677,5154475,-3235,-1560446
2017/4/14,小型臺指期貨,投信,0,0,0,0,0,0,51,24776,0,0,51,24776
2017/4/14,小型臺指期貨,外資及陸資,27920,13623157,29611,14452583,-1691,-829426,2463,1192408,4305,2086639,-1842,-894231
2017/4/17,小型臺指期貨,自營商,12624,6128568,11497,5577128,1127,551440,8922,4313558,11434,5523166,-2512,-1209608
2017/4/17,小型臺指期貨,投信,0,0,0,0,0,0,51,24789,0,0,51,24789
2017/4/17,小型臺指期貨,外資及陸資,25532,12403757,24854,12074014,678,329743,2409,1166891,3821,1852318,-1412,-685427
2017/4/18,小型臺指期貨,自營商,9163,4459979,9805,4772626,-642,-312647,9513,4606101,12647,6120761,-3134,-1514660
2017/4/18,小型臺指期貨,投信,51,24806,51,24828,0,-22,51,24799,0,0,51,24799
2017/4/18,小型臺指期貨,外資及陸資,20143,9810323,20783,10123538,-640,-313215,2494,1209490,4394,2134122,-1900,-924632
2017/4/19,小型臺指期貨,自營商,15665,7559537,18638,8985964,-2973,-1426426,4934,2351775,12181,5822662,-7247,-3470887
2017/4/19,小型臺指期貨,投信,180,86861,0,0,180,86861,231,111146,0,0,231,111146
2017/4/19,小型臺指期貨,外資及陸資,25696,12413206,26592,12847466,-896,-434260,2337,1121602,1600,765972,737,355630
2017/4/20,小型臺指期貨,自營商,7318,3511414,6653,3192332,665,319083,4850,2307290,10976,5237350,-6126,-2930060
2017/4/20,小型臺指期貨,投信,0,0,0,0,0,0,231,111053,0,0,231,111053
2017/4/20,小型臺指期貨,外資及陸資,23241,11169471,22588,10856181,653,313290,2688,1289280,1254,598655,1434,690625
2017/4/21,小型臺指期貨,自營商,11766,5686987,7662,3707296,4104,1979690,7391,3556177,9653,4644547,-2262,-1088370
2017/4/21,小型臺指期貨,投信,0,0,180,86928,-180,-86928,51,24730,0,0,51,24730
2017/4/21,小型臺指期貨,外資及陸資,18235,8827294,16725,8098250,1510,729044,3897,1886568,857,411508,3040,1475060
2017/4/24,小型臺指期貨,自營商,11293,5482319,11383,5521999,-90,-39680,8932,4305900,11032,5313770,-2100,-1007870
2017/4/24,小型臺指期貨,投信,0,0,0,0,0,0,51,24750,0,0,51,24750
2017/4/24,小型臺指期貨,外資及陸資,22379,10872296,22429,10896297,-50,-24001,3640,1763344,878,421592,2762,1341752
2017/4/25,小型臺指期貨,自營商,16187,7895786,11124,5432275,5063,2463511,12993,6342585,10170,4953899,2823,1388686
2017/4/25,小型臺指期貨,投信,0,0,0,0,0,0,51,25026,0,0,51,25026
2017/4/25,小型臺指期貨,外資及陸資,23622,11533205,22075,10783941,1547,749264,5379,2633482,734,356502,4645,2276980
2017/4/26,小型臺指期貨,自營商,11362,5591021,11731,5769850,-369,-178829,13339,6530297,10701,5226004,2638,1304293
2017/4/26,小型臺指期貨,投信,0,0,0,0,0,0,51,25097,0,0,51,25097
2017/4/26,小型臺指期貨,外資及陸資,22462,11060145,22450,11055376,12,4770,5449,2675011,766,373154,4683,2301857
2017/4/27,小型臺指期貨,自營商,7620,3741468,7274,3570790,346,170678,13237,6477607,10409,5079756,2828,1397851
2017/4/27,小型臺指期貨,投信,0,0,150,73796,-150,-73796,51,25087,150,73785,-99,-48698
2017/4/27,小型臺指期貨,外資及陸資,17547,8622284,18088,8890099,-541,-267815,5253,2576683,899,438426,4354,2138257
2017/4/28,小型臺指期貨,自營商,9788,4817635,8991,4422688,797,394947,14006,6866540,10353,5059381,3653,1807159
2017/4/28,小型臺指期貨,投信,0,0,0,0,0,0,51,25133,150,73920,-99,-48787
2017/4/28,小型臺指期貨,外資及陸資,21957,10816830,20651,10174269,1306,642561,5490,2697714,778,379644,4712,2318070
2017/5/2,小型臺指期貨,自營商,12518,6206379,8645,4289334,3873,1917045,17600,8698448,10118,4983242,7482,3715206
2017/5/2,小型臺指期貨,投信,0,0,0,0,0,0,51,25322,150,74475,-99,-49153
2017/5/2,小型臺指期貨,外資及陸資,17607,8743234,17154,8520507,453,222727,6044,2992316,639,313328,5405,2678988
2017/5/3,小型臺指期貨,自營商,6519,3238822,6271,3114158,248,124664,17890,8847234,10143,4996965,7747,3850269
2017/5/3,小型臺指期貨,投信,330,164030,0,0,330,164030,231,114772,0,0,231,114772
2017/5/3,小型臺指期貨,外資及陸資,12718,6325224,12619,6276639,99,48585,6053,2998539,455,222374,5598,2776165
2017/5/4,小型臺指期貨,自營商,7366,3658793,5744,2848342,1622,810451,19184,9509479,9847,4855964,9337,4653515
2017/5/4,小型臺指期貨,投信,0,0,0,0,0,0,231,115026,0,0,231,115026
2017/5/4,小型臺指期貨,外資及陸資,15666,7787191,15568,7739343,98,47848,6287,3121382,551,270671,5736,2850711
2017/5/5,小型臺指期貨,自營商,7721,3821276,12484,6178287,-4763,-2357011,15555,7648436,10633,5206054,4922,2442382
2017/5/5,小型臺指期貨,投信,0,0,0,0,0,0,231,114183,0,0,231,114183
2017/5/5,小型臺指期貨,外資及陸資,17093,8472787,17768,8808417,-675,-335631,5295,2608203,558,271969,4737,2336234
2017/5/8,小型臺指期貨,自營商,10511,5207456,9472,4692331,1039,515126,17605,8688496,11460,5634267,6145,3054229
2017/5/8,小型臺指期貨,投信,0,0,0,0,0,0,231,114588,0,0,231,114588
2017/5/8,小型臺指期貨,外資及陸資,18802,9325320,18263,9057764,539,267556,6308,3119763,1168,574986,5140,2544777
2017/5/9,小型臺指期貨,自營商,21151,10512439,18994,9434570,2157,1077870,20273,9990988,11951,5866412,8322,4124576
2017/5/9,小型臺指期貨,投信,0,0,0,0,0,0,231,114368,0,0,231,114368
2017/5/9,小型臺指期貨,外資及陸資,28922,14384831,28653,14253925,269,130905,6663,3289724,1150,565172,5513,2724552
2017/5/10,小型臺指期貨,自營商,11480,5694565,8531,4235080,2949,1459485,22895,11336337,11720,5780047,11175,5556290
2017/5/10,小型臺指期貨,投信,0,0,0,0,0,0,231,114899,0,0,231,114899
2017/5/10,小型臺指期貨,外資及陸資,17374,8632267,17728,8809136,-354,-176868,6768,3357150,1132,558960,5636,2798190
2017/5/11,小型臺指期貨,自營商,14956,7442529,10166,5062930,4790,2379599,27755,13803381,11854,5873147,15901,7930234
2017/5/11,小型臺指期貨,投信,0,0,0,0,0,0,231,115361,0,0,231,115361
2017/5/11,小型臺指期貨,外資及陸資,21159,10548864,20926,10434198,233,114665,7382,3677017,1313,651659,6069,3025358
2017/5/12,小型臺指期貨,自營商,7409,3692209,7675,3819710,-266,-127501,26536,13186615,10345,5111788,16191,8074827
2017/5/12,小型臺指期貨,投信,0,0,0,0,0,0,231,115281,0,0,231,115281
2017/5/12,小型臺指期貨,外資及陸資,14892,7429864,15200,7584372,-308,-154507,7020,3493735,1295,642345,5725,2851390
2017/5/15,小型臺指期貨,自營商,9456,4721288,8027,4014356,1429,706932,26765,13356032,8102,4011387,18663,9344645
2017/5/15,小型臺指期貨,投信,0,0,0,0,0,0,231,115789,0,0,231,115789
2017/5/15,小型臺指期貨,外資及陸資,17199,8596458,16544,8275224,655,321235,6805,3401205,1285,639813,5520,2761392
2017/5/16,小型臺指期貨,自營商,12211,6114037,14608,7308854,-2397,-1194817,25806,12872266,9564,4739370,16242,8132896
2017/5/16,小型臺指期貨,投信,231,115603,231,115723,0,-120,231,115592,0,0,231,115592
2017/5/16,小型臺指期貨,外資及陸資,16587,8309525,17176,8605904,-589,-296379,6054,3023586,1303,648562,4751,2375024
2017/5/17,小型臺指期貨,自營商,16916,8448030,19453,9712360,-2537,-1264329,11710,5790676,5467,2675482,6243,3115194
2017/5/17,小型臺指期貨,投信,0,0,0,0,0,0,231,115257,0,0,231,115257
2017/5/17,小型臺指期貨,外資及陸資,14757,7367256,15441,7709762,-684,-342506,1462,720921,1212,601871,250,119050
2017/5/18,小型臺指期貨,自營商,15247,7553954,14183,7022250,1064,531704,14214,7017845,6939,3396317,7275,3621528
2017/5/18,小型臺指期貨,投信,0,0,0,0,0,0,231,114934,0,0,231,114934
2017/5/18,小型臺指期貨,外資及陸資,23281,11542348,23375,11590261,-94,-47913,1798,885405,1366,676468,432,208937
2017/5/19,小型臺指期貨,自營商,9513,4724289,11181,5551596,-1668,-827308,12595,6199489,6728,3282641,5867,2916848
2017/5/19,小型臺指期貨,投信,0,0,0,0,0,0,231,114715,0,0,231,114715
2017/5/19,小型臺指期貨,外資及陸資,14107,7012668,14562,7239983,-455,-227315,1534,752405,1653,817622,-119,-65217
2017/5/22,小型臺指期貨,自營商,10202,5069517,7574,3766063,2628,1303454,15031,7437634,6408,3139925,8623,4297709
2017/5/22,小型臺指期貨,投信,0,0,0,0,0,0,231,115200,0,0,231,115200
2017/5/22,小型臺指期貨,外資及陸資,15484,7707458,15479,7705492,5,1966,1735,856038,1353,671634,382,184404
2017/5/23,小型臺指期貨,自營商,13360,6661379,9835,4904910,3525,1756469,18539,9199090,6055,2970512,12484,6228578
2017/5/23,小型臺指期貨,投信,0,0,0,0,0,0,231,115431,0,0,231,115431
2017/5/23,小型臺指期貨,外資及陸資,17609,8792581,17631,8804363,-22,-11782,1984,981852,1220,606742,764,375110
2017/5/24,小型臺指期貨,自營商,9124,4558260,7108,3552384,2016,1005876,20676,10291187,6262,3083016,14414,7208171
2017/5/24,小型臺指期貨,投信,0,0,0,0,0,0,231,115731,0,0,231,115731
2017/5/24,小型臺指期貨,外資及陸資,11876,5941197,11848,5927534,28,13662,1924,953526,1182,589319,742,364207
2017/5/25,小型臺指期貨,自營商,13195,6626096,8856,4449492,4339,2176604,25626,12874945,7001,3483793,18625,9391152
2017/5/25,小型臺指期貨,投信,0,0,180,90698,-180,-90698,51,25773,0,0,51,25773
2017/5/25,小型臺指期貨,外資及陸資,15200,7651833,14836,7469550,364,182283,2811,1409305,1217,610623,1594,798682
2017/5/26,小型臺指期貨,自營商,8940,4505702,11209,5641800,-2269,-1136098,23621,11854468,7321,3638805,16300,8215663
2017/5/26,小型臺指期貨,投信,0,0,480,242127,-480,-242127,51,25737,480,242232,-429,-216495
2017/5/26,小型臺指期貨,外資及陸資,17603,8883284,18189,9179947,-586,-296663,2028,1012846,1228,615377,800,397469
2017/5/31,小型臺指期貨,自營商,8861,4450498,13035,6541910,-4174,-2091412,19003,9469951,6956,3432242,12047,6037709
2017/5/31,小型臺指期貨,投信,0,0,1,502,-1,-502,50,25073,480,240696,-430,-215623
2017/5/31,小型臺指期貨,外資及陸資,15962,8025886,17315,8707088,-1353,-681202,2356,1171088,3056,1528209,-700,-357121
2017/6/1,小型臺指期貨,自營商,9250,4636262,8207,4118567,1043,517695,19713,9864520,6299,3120809,13414,6743711
2017/6/1,小型臺指期貨,投信,0,0,0,0,0,0,50,25175,480,241680,-430,-216505
2017/6/1,小型臺指期貨,外資及陸資,14245,7157411,14641,7357730,-396,-200319,2496,1246030,3164,1588552,-668,-342522
2017/6/2,小型臺指期貨,自營商,10342,5215918,8835,4457961,1507,757957,21071,10617510,6398,3191969,14673,7425541
2017/6/2,小型臺指期貨,投信,0,0,0,0,0,0,50,25335,480,243216,-430,-217881
2017/6/2,小型臺指期貨,外資及陸資,16056,8117942,14928,7547758,1128,570184,2519,1265359,2323,1172458,196,92901
2017/6/3,小型臺指期貨,自營商,4982,2516791,4299,2168490,683,348301,22341,11283772,6941,3470987,15400,7812785
2017/6/3,小型臺指期貨,投信,0,0,0,0,0,0,50,25390,480,243744,-430,-218354
2017/6/3,小型臺指期貨,外資及陸資,1007,508838,1035,523463,-28,-14625,2539,1277820,2371,1199372,168,78448
2017/6/5,小型臺指期貨,自營商,13369,6776494,10612,5379761,2757,1396733,24988,12684168,6831,3433563,18157,9250605
2017/6/5,小型臺指期貨,投信,0,0,0,0,0,0,50,25505,480,244848,-430,-219343
2017/6/5,小型臺指期貨,外資及陸資,17433,8849892,16575,8415676,858,434215,2283,1153075,1445,732473,838,420602
2017/6/6,小型臺指期貨,自營商,5632,2862639,6863,3487343,-1231,-624703,23947,12134504,7021,3523269,16926,8611235
2017/6/6,小型臺指期貨,投信,0,0,0,0,0,0,50,25463,480,244440,-430,-218977
2017/6/6,小型臺指期貨,外資及陸資,9745,4960988,10121,5152413,-376,-191425,2305,1161936,1623,821020,682,340916
2017/6/7,小型臺指期貨,自營商,12740,6479878,12446,6331387,294,148491,24168,12254205,7042,3536451,17126,8717754
2017/6/7,小型臺指期貨,投信,0,0,0,0,0,0,50,25478,480,244584,-430,-219106
2017/6/7,小型臺指期貨,外資及陸資,18359,9349090,18012,9174346,347,174744,2230,1121556,1223,616535,1007,505021
2017/6/8,小型臺指期貨,自營商,7358,3736623,6650,3382483,708,354139,24453,12422088,6499,3270499,17954,9151589
2017/6/8,小型臺指期貨,投信,0,0,0,0,0,0,50,25530,480,245088,-430,-219558
2017/6/8,小型臺指期貨,外資及陸資,11730,5979378,11633,5928430,97,50948,2534,1280082,1274,643162,1260,636920
2017/6/9,小型臺指期貨,自營商,7160,3648058,8628,4387951,-1468,-739893,23430,11879769,6956,3491968,16474,8387801
2017/6/9,小型臺指期貨,投信,0,0,0,0,0,0,50,25478,480,244584,-430,-219106
2017/6/9,小型臺指期貨,外資及陸資,14754,7535955,15560,7947825,-806,-411870,2144,1078920,1966,993541,178,85379
2017/6/12,小型臺指期貨,自營商,7912,3994155,11712,5908326,-3800,-1914171,20726,10432350,8092,4036488,12634,6395862
2017/6/12,小型臺指期貨,投信,0,0,0,0,0,0,50,25295,480,242832,-430,-217537
2017/6/12,小型臺指期貨,外資及陸資,15353,7767722,16394,8294933,-1041,-527211,2508,1255457,2991,1505179,-483,-249722
2017/6/13,小型臺指期貨,自營商,6109,3077305,6120,3083684,-11,-6379,20689,10429943,8014,4003764,12675,6426179
2017/6/13,小型臺指期貨,投信,0,0,0,0,0,0,50,25340,480,243264,-430,-217924
2017/6/13,小型臺指期貨,外資及陸資,12337,6239646,12208,6175904,129,63741,2654,1330928,3156,1591512,-502,-260584
2017/6/14,小型臺指期貨,自營商,11018,5523455,14890,7456999,-3872,-1933543,17819,8920941,8981,4448929,8838,4472012
2017/6/14,小型臺指期貨,投信,0,0,0,0,0,0,50,25155,480,241488,-430,-216333
2017/6/14,小型臺指期貨,外資及陸資,23991,12080139,26214,13203984,-2223,-1123845,2223,1104928,4903,2458409,-2680,-1353481
2017/6/15,小型臺指期貨,自營商,9488,4744443,7732,3864258,1756,880185,18973,9509969,8335,4131892,10638,5378077
2017/6/15,小型臺指期貨,投信,0,0,0,0,0,0,50,25180,480,241728,-430,-216548
2017/6/15,小型臺指期貨,外資及陸資,18757,9411854,19739,9906754,-982,-494901,2248,1117297,5906,2965855,-3658,-1848558
2017/6/16,小型臺指期貨,自營商,12445,6232342,10111,5090066,2334,1142276,20578,10370938,7594,3800943,12984,6569995
2017/6/16,小型臺指期貨,投信,0,0,0,0,0,0,50,25365,480,243504,-430,-218139
2017/6/16,小型臺指期貨,外資及陸資,21151,10670535,19308,9741030,1843,929506,3035,1524284,4738,2393799,-1703,-869515
2017/6/19,小型臺指期貨,自營商,11269,5697562,9857,5010432,1412,687130,23445,11914880,9153,4640415,14292,7274465
2017/6/19,小型臺指期貨,投信,0,0,0,0,0,0,50,25600,480,245760,-430,-220160
2017/6/19,小型臺指期貨,外資及陸資,18673,9512827,17612,8974062,1061,538765,2605,1317694,3179,1618005,-574,-300311
2017/6/20,小型臺指期貨,自營商,11992,6123042,12352,6324079,-360,-201037,24253,12421195,8921,4559652,15332,7861543
2017/6/20,小型臺指期貨,投信,50,25406,50,25825,0,-420,50,25405,480,247728,-430,-222323
2017/6/20,小型臺指期貨,外資及陸資,21214,10896218,21436,11019123,-222,-122906,2500,1268290,3248,1667369,-748,-399079
2017/6/21,小型臺指期貨,自營商,13024,6643770,12116,6191776,908,451994,10259,5190201,3248,1633417,7011,3556784
2017/6/21,小型臺指期貨,投信,720,368874,0,0,720,368874,290,147552,0,0,290,147552
2017/6/21,小型臺指期貨,外資及陸資,22334,11405740,24090,12316020,-1756,-910280,1864,940831,1022,518965,842,421866
2017/6/22,小型臺指期貨,自營商,9482,4826114,7514,3823203,1968,1002911,12023,6120457,3056,1544283,8967,4576174
2017/6/22,小型臺指期貨,投信,0,0,0,0,0,0,290,148350,0,0,290,148350
2017/6/22,小型臺指期貨,外資及陸資,23156,11809186,22631,11543151,525,266036,2004,1017516,1057,539536,947,477980
2017/6/23,小型臺指期貨,自營商,3609,1840742,4780,2436206,-1171,-595464,11517,5852778,3733,1885082,7784,3967696
2017/6/23,小型臺指期貨,投信,26,13276,0,0,26,13276,316,161397,0,0,316,161397
2017/6/23,小型臺指期貨,外資及陸資,18302,9347623,18458,9427987,-156,-80364,1770,896373,1263,643972,507,252401
2017/6/26,小型臺指期貨,自營商,13363,6869099,12102,6222938,1261,646161,13787,7130216,4442,2286380,9345,4843836
2017/6/26,小型臺指期貨,投信,7,3574,0,0,7,3574,323,167653,0,0,323,167653
2017/6/26,小型臺指期貨,外資及陸資,39450,20341352,39310,20276456,140,64896,2226,1149345,1071,554922,1155,594423
2017/6/27,小型臺指期貨,自營商,6583,3412851,8127,4209303,-1544,-796452,12940,6682151,5131,2636343,7809,4045808
2017/6/27,小型臺指期貨,投信,0,0,0,0,0,0,323,167443,0,0,323,167443
2017/6/27,小型臺指期貨,外資及陸資,23311,12089986,24273,12591164,-962,-501178,2585,1333887,2596,1344840,-11,-10953
2017/6/28,小型臺指期貨,自營商,9189,4723195,11188,5749127,-1999,-1025932,11197,5718940,5332,2708842,5865,3010098
2017/6/28,小型臺指期貨,投信,0,0,0,0,0,0,323,165715,0,0,323,165715
2017/6/28,小型臺指期貨,外資及陸資,30723,15810818,31581,16253633,-858,-442815,2619,1337351,3519,1804398,-900,-467047
2017/6/29,小型臺指期貨,自營商,8453,4348933,8071,4151652,382,197281,11136,5704428,5013,2552119,6123,3152309
2017/6/29,小型臺指期貨,投信,0,0,450,232133,-450,-232133,83,42724,210,108098,-127,-65374
2017/6/29,小型臺指期貨,外資及陸資,24293,12524068,24263,12510306,30,13762,2604,1333837,3526,1813950,-922,-480113
2017/6/30,小型臺指期貨,自營商,10065,5137384,12005,6129862,-1940,-992478,10351,5278985,6232,3169586,4119,2109399
2017/6/30,小型臺指期貨,投信,8,4103,0,0,8,4103,91,46647,210,107646,-119,-60999
2017/6/30,小型臺指期貨,外資及陸資,26019,13303666,26312,13455261,-293,-151595,2532,1291471,3703,1897136,-1171,-605665
2017/7/3,小型臺指期貨,自營商,9825,5036137,8292,4250206,1533,785931,11349,5810599,5669,2893215,5680,2917384
2017/7/3,小型臺指期貨,投信,6,3077,0,0,6,3077,97,49897,210,108024,-113,-58127
2017/7/3,小型臺指期貨,外資及陸資,22286,11429378,21933,11248506,353,180872,2565,1312820,3463,1780324,-898,-467504
2017/7/4,小型臺指期貨,自營商,10798,5535885,14235,7292881,-3437,-1756996,9486,4817911,7555,3833257,1931,984654
2017/7/4,小型臺指期貨,投信,0,0,0,0,0,0,97,49543,210,107258,-113,-57715
2017/7/4,小型臺指期貨,外資及陸資,26346,13513367,26906,13805140,-560,-291773,2895,1471848,4801,2451094,-1906,-979246
2017/7/5,小型臺指期貨,自營商,14095,7203231,10959,5599562,3136,1603669,10750,5501272,5584,2847289,5166,2653983
2017/7/5,小型臺指期貨,投信,7,3605,0,0,7,3605,104,53555,210,108140,-106,-54585
2017/7/5,小型臺指期貨,外資及陸資,29189,14929405,27497,14064666,1692,864739,3033,1554517,3329,1713132,-296,-158615
2017/7/6,小型臺指期貨,自營商,8115,4162595,11305,5796298,-3190,-1633703,8863,4517316,7287,3708197,1576,809119
2017/7/6,小型臺指期貨,投信,1,515,0,0,1,515,105,53902,210,107804,-105,-53902
2017/7/6,小型臺指期貨,外資及陸資,24885,12771788,27239,13983936,-2354,-1212148,2487,1269254,5341,2740634,-2854,-1471380
2017/7/7,小型臺指期貨,自營商,10140,5176402,12684,6471124,-2544,-1294722,7517,3803903,8733,4420501,-1216,-616598
2017/7/7,小型臺指期貨,投信,0,0,0,0,0,0,105,53561,210,107121,-105,-53560
2017/7/7,小型臺指期貨,外資及陸資,24538,12535997,24995,12771094,-457,-235097,2498,1266934,6033,3076266,-3535,-1809332
2017/7/10,小型臺指期貨,自營商,10351,5276461,10670,5439264,-319,-162803,7373,3731553,8972,4545734,-1599,-814181
2017/7/10,小型臺指期貨,投信,0,0,0,0,0,0,105,53597,210,107195,-105,-53598
2017/7/10,小型臺指期貨,外資及陸資,22055,11257160,22107,11284027,-52,-26866,2363,1198953,5834,2976693,-3471,-1777740
2017/7/11,小型臺指期貨,自營商,17434,8955687,10342,5322382,7092,3633306,12967,6660374,7590,3893710,5377,2766664
2017/7/11,小型臺指期貨,投信,9,4644,16,8276,-7,-3632,114,58949,226,116865,-112,-57916
2017/7/11,小型臺指期貨,外資及陸資,24649,12684675,22581,11625172,2068,1059503,2377,1221158,3660,1890827,-1283,-669669
2017/7/12,小型臺指期貨,自營商,7553,3902651,8862,4574162,-1309,-671511,12122,6220942,7895,4045913,4227,2175029
2017/7/12,小型臺指期貨,投信,16,8279,0,0,16,8279,130,67204,226,116831,-96,-49627
2017/7/12,小型臺指期貨,外資及陸資,20618,10668433,22364,11572532,-1746,-904099,2048,1050624,5067,2617527,-3019,-1566903
2017/7/13,小型臺指期貨,自營商,13725,7115130,10264,5323263,3461,1791868,14322,7409372,6118,3154948,8204,4254424
2017/7/13,小型臺指期貨,投信,1,520,0,0,1,520,131,68244,226,117735,-95,-49491
2017/7/13,小型臺指期貨,外資及陸資,27198,14141676,25642,13334882,1556,806794,2122,1096915,3585,1865722,-1463,-768807
2017/7/14,小型臺指期貨,自營商,5987,3106336,6627,3436113,-640,-329777,13970,7215876,6406,3298246,7564,3917630
2017/7/14,小型臺指期貨,投信,3,1562,0,0,3,1562,134,69700,226,117554,-92,-47854
2017/7/14,小型臺指期貨,外資及陸資,14265,7419742,14943,7772958,-678,-353217,2194,1132694,4383,2277921,-2189,-1145227
2017/7/17,小型臺指期貨,自營商,12253,6370771,12979,6746216,-726,-375445,13474,6978379,6568,3389548,6906,3588831
2017/7/17,小型臺指期貨,投信,11,5722,0,0,11,5722,145,75636,226,117916,-81,-42280
2017/7/17,小型臺指期貨,外資及陸資,21776,11357591,21770,11357149,6,441,2311,1196377,4638,2417865,-2327,-1221488
2017/7/18,小型臺指期貨,自營商,7774,4035526,6565,3414293,1209,621233,14342,7441291,6515,3371490,7827,4069801
2017/7/18,小型臺指期貨,投信,145,74925,142,74199,3,726,148,76553,226,118221,-78,-41668
2017/7/18,小型臺指期貨,外資及陸資,15220,7923818,15305,7968188,-85,-44370,2921,1514632,5337,2785647,-2416,-1271015
2017/7/19,小型臺指期貨,自營商,12624,6586109,16151,8445168,-3527,-1859059,9198,4765395,4845,2507396,4353,2257999
2017/7/19,小型臺指期貨,投信,556,289873,0,0,556,289873,478,248178,0,0,478,248178
2017/7/19,小型臺指期貨,外資及陸資,20005,10434284,20581,10737921,-576,-303637,2214,1147140,1194,619428,1020,527712
2017/7/20,小型臺指期貨,自營商,5473,2842603,6276,3258884,-803,-416281,8504,4408558,4938,2556740,3566,1851818
2017/7/20,小型臺指期貨,投信,0,0,20,10384,-20,-10384,458,237954,0,0,458,237954
2017/7/20,小型臺指期貨,外資及陸資,17248,8962046,17452,9069778,-204,-107732,2074,1075209,1638,850443,436,224766
2017/7/21,小型臺指期貨,自營商,5751,2973731,8380,4332272,-2629,-1358541,7031,3621168,6218,3201329,813,419839
2017/7/21,小型臺指期貨,投信,5,2591,0,0,5,2591,463,239093,0,0,463,239093
2017/7/21,小型臺指期貨,外資及陸資,16294,8427224,17395,8997215,-1101,-569991,2082,1072831,2711,1399367,-629,-326536
2017/7/24,小型臺指期貨,自營商,7225,3727114,7052,3638922,173,88191,7929,4095687,7079,3655767,850,439920
2017/7/24,小型臺指期貨,投信,0,0,0,0,0,0,463,239834,0,0,463,239834
2017/7/24,小型臺指期貨,外資及陸資,18813,9709107,17597,9082562,1216,626545,2655,1372772,1672,865483,983,507289
2017/7/25,小型臺指期貨,自營商,5245,2716422,5172,2677149,73,39273,7807,4034197,6840,3532491,967,501706
2017/7/25,小型臺指期貨,投信,3,1556,0,0,3,1556,466,241435,0,0,466,241435
2017/7/25,小型臺指期貨,外資及陸資,16548,8570619,17330,8976228,-782,-405609,2241,1158618,1860,963070,381,195548
2017/7/26,小型臺指期貨,自營商,11311,5863544,12370,6409271,-1059,-545728,7875,4054720,8118,4177765,-243,-123045
2017/7/26,小型臺指期貨,投信,3,1550,0,0,3,1550,469,242239,0,0,469,242239
2017/7/26,小型臺指期貨,外資及陸資,24714,12814192,24738,12829108,-24,-14917,2266,1167508,2372,1224532,-106,-57024
2017/7/27,小型臺指期貨,自營商,12613,6556634,8557,4456401,4056,2100233,11033,5747124,7216,3756678,3817,1990446
2017/7/27,小型臺指期貨,投信,0,0,330,171321,-330,-171321,139,72607,0,0,139,72607
2017/7/27,小型臺指期貨,外資及陸資,22737,11834632,19691,10252804,3046,1581827,3965,2068275,1065,555699,2900,1512576
2017/7/28,小型臺指期貨,自營商,8244,4275936,13299,6896309,-5055,-2620373,7933,4088139,9147,4713102,-1214,-624963
2017/7/28,小型臺指期貨,投信,0,0,214,111053,-214,-111053,135,69788,210,108560,-75,-38772
2017/7/28,小型臺指期貨,外資及陸資,20331,10541061,23449,12161690,-3118,-1620629,2198,1133458,2392,1235944,-194,-102486
2017/7/31,小型臺指期貨,自營商,7837,4047319,7519,3882618,318,164701,8579,4428294,9475,4890308,-896,-462014
2017/7/31,小型臺指期貨,投信,0,0,0,0,0,0,135,69896,210,108728,-75,-38832
2017/7/31,小型臺指期貨,外資及陸資,21399,11050838,21228,10964541,171,86297,2292,1183786,1831,947384,461,236402
2017/8/1,小型臺指期貨,自營商,9434,4896662,10090,5236922,-656,-340260,8533,4407903,9845,5087857,-1312,-679954
2017/8/1,小型臺指期貨,投信,0,0,56,29042,-56,-29042,135,69977,266,137881,-131,-67904
2017/8/1,小型臺指期貨,外資及陸資,23084,11991054,22805,11845946,279,145108,2392,1236936,1276,660796,1116,576140
2017/8/2,小型臺指期貨,自營商,12675,6612082,7371,3845785,5304,2766297,11384,5931811,7359,3831434,4025,2100377
2017/8/2,小型臺指期貨,投信,4,2090,0,0,4,2090,139,72648,266,139025,-127,-66377
2017/8/2,小型臺指期貨,外資及陸資,19869,10372704,17946,9369771,1923,1002933,4395,2293975,1137,593545,3258,1700430
2017/8/3,小型臺指期貨,自營商,11368,5889522,12008,6228195,-640,-338673,10643,5520627,7642,3960863,3001,1559764
2017/8/3,小型臺指期貨,投信,56,29061,9,4686,47,24375,130,67646,210,109274,-80,-41628
2017/8/3,小型臺指期貨,外資及陸資,26431,13735960,27674,14380867,-1243,-644907,3713,1928856,1150,597699,2563,1331157
2017/8/4,小型臺指期貨,自營商,7063,3679499,4689,2442688,2374,1236811,12422,6464356,7067,3673463,5355,2790893
2017/8/4,小型臺指期貨,投信,0,0,0,0,0,0,130,67854,210,109610,-80,-41756
2017/8/4,小型臺指期貨,外資及陸資,14512,7564029,13616,7097101,896,466927,4368,2276670,1169,609429,3199,1667241
2017/8/7,小型臺指期貨,自營商,9357,4911535,7531,3954549,1826,956985,14484,7602693,7383,3872043,7101,3730650
2017/8/7,小型臺指期貨,投信,0,0,0,0,0,0,130,68445,210,110565,-80,-42120
2017/8/7,小型臺指期貨,外資及陸資,15774,8289621,15081,7925130,693,364491,5063,2662164,1147,603119,3916,2059045
2017/8/8,小型臺指期貨,自營商,7995,4205251,8933,4696190,-938,-490939,13969,7328564,7770,4073010,6199,3255554
2017/8/8,小型臺指期貨,投信,0,0,0,0,0,0,130,68413,210,110513,-80,-42100
2017/8/8,小型臺指期貨,外資及陸資,21192,11152179,21144,11127788,48,24391,4689,2464168,1261,662829,3428,1801339
2017/8/9,小型臺指期貨,自營商,10037,5250306,14882,7776848,-4845,-2526542,11900,6201012,10466,5451944,1434,749068
2017/8/9,小型臺指期貨,投信,2,1045,8,4176,-6,-3131,124,64821,210,109778,-86,-44957
2017/8/9,小型臺指期貨,外資及陸資,24182,12655026,24968,13067090,-786,-412064,3590,1873144,1240,647452,2350,1225692
2017/8/10,小型臺指期貨,自營商,11122,5769374,18311,9493959,-7189,-3724586,7417,3816098,13152,6770630,-5735,-2954532
2017/8/10,小型臺指期貨,投信,2,1048,4,2068,-2,-1021,122,63013,210,108465,-88,-45452
2017/8/10,小型臺指期貨,外資及陸資,33894,17590829,35644,18500375,-1750,-909546,1826,939749,1502,775073,324,164676
2017/8/11,小型臺指期貨,自營商,13284,6819387,13545,6954237,-261,-134850,7318,3752872,13338,6846797,-6020,-3093925
2017/8/11,小型臺指期貨,投信,0,0,6,3093,-6,-3093,116,59746,210,108161,-94,-48415
2017/8/11,小型臺指期貨,外資及陸資,28988,14907902,29224,15031437,-236,-123535,1372,703009,1312,674991,60,28018
2017/8/14,小型臺指期貨,自營商,13357,6860673,15564,7983660,-2207,-1122986,5239,2662904,14874,7574841,-9635,-4911937
2017/8/14,小型臺指期貨,投信,0,0,0,0,0,0,116,59328,210,107405,-94,-48077
2017/8/14,小型臺指期貨,外資及陸資,32009,16458790,30642,15758383,1367,700407,2442,1242284,1587,810737,855,431547
2017/8/15,小型臺指期貨,自營商,16217,8326843,13220,6787115,2997,1539728,6413,3287718,10331,5294429,-3918,-2006711
2017/8/15,小型臺指期貨,投信,116,59415,140,72107,-24,-12692,116,59450,210,108234,-94,-48784
2017/8/15,小型臺指期貨,外資及陸資,23715,12196147,23333,12001084,382,195063,2728,1397710,1499,771284,1229,626426
2017/8/16,小型臺指期貨,自營商,17987,9220071,21606,11068769,-3619,-1848698,4527,2307950,10784,5502184,-6257,-3194234
2017/8/16,小型臺指期貨,投信,420,215669,0,0,420,215669,326,166635,0,0,326,166635
2017/8/16,小型臺指期貨,外資及陸資,26886,13787835,25953,13310547,933,477287,2422,1236691,433,221221,1989,1015470
2017/8/17,小型臺指期貨,自營商,13346,6864386,11346,5838703,2000,1025683,8119,4172046,12408,6377099,-4289,-2205053
2017/8/17,小型臺指期貨,投信,0,0,0,0,0,0,326,167825,0,0,326,167825
2017/8/17,小型臺指期貨,外資及陸資,23197,11931615,21171,10890593,2026,1041023,4921,2531938,434,223315,4487,2308623
2017/8/18,小型臺指期貨,自營商,10962,5614527,11631,5954684,-669,-340158,7592,3886387,12566,6433800,-4974,-2547413
2017/8/18,小型臺指期貨,投信,0,0,0,0,0,0,326,167189,0,0,326,167189
2017/8/18,小型臺指期貨,外資及陸資,28081,14380652,28617,14657413,-536,-276761,4607,2361234,472,241965,4135,2119269
2017/8/21,小型臺指期貨,自營商,9017,4622168,7819,4004850,1198,617317,8364,4285816,12152,6227849,-3788,-1942033
2017/8/21,小型臺指期貨,投信,0,0,0,0,0,0,326,167385,0,0,326,167385
2017/8/21,小型臺指期貨,外資及陸資,24092,12347489,23918,12259001,174,88488,4805,2465571,492,252496,4313,2213075
2017/8/22,小型臺指期貨,自營商,9377,4841681,7483,3865590,1894,976091,10885,5619785,12363,6384941,-1478,-765156
2017/8/22,小型臺指期貨,投信,0,0,0,0,0,0,326,168689,0,0,326,168689
2017/8/22,小型臺指期貨,外資及陸資,19921,10294672,18781,9706779,1140,587893,6099,3154250,530,274074,5569,2880176
2017/8/23,小型臺指期貨,自營商,9288,4818350,9749,5056678,-461,-238328,10986,5677962,12912,6675032,-1926,-997070
2017/8/23,小型臺指期貨,投信,0,0,4,2073,-4,-2073,322,166780,0,0,322,166780
2017/8/23,小型臺指期貨,外資及陸資,23734,12315529,23739,12320319,-5,-4790,5719,2960434,547,283132,5172,2677302
2017/8/24,小型臺指期貨,自營商,13032,6786319,6830,3558571,6202,3227748,16190,8442720,12030,6271950,4160,2170770
2017/8/24,小型臺指期貨,投信,0,0,0,0,0,0,322,168197,0,0,322,168197
2017/8/24,小型臺指期貨,外資及陸資,21357,11123695,20248,10549294,1109,574401,6316,3297341,527,275104,5789,3022237
2017/8/25,小型臺指期貨,自營商,8159,4269193,7130,3730105,1029,539087,16817,8802668,11756,6151891,5061,2650777
2017/8/25,小型臺指期貨,投信,0,0,0,0,0,0,322,168841,0,0,322,168841
2017/8/25,小型臺指期貨,外資及陸資,23778,12442213,23886,12500222,-108,-58010,6104,3198783,523,274052,5581,2924731
2017/8/28,小型臺指期貨,自營商,5771,3024927,7100,3720277,-1329,-695350,16073,8414331,12397,6489831,3676,1924500
2017/8/28,小型臺指期貨,投信,0,0,9,4720,-9,-4720,313,164153,0,0,313,164153
2017/8/28,小型臺指期貨,外資及陸資,22579,11837988,22377,11731215,202,106773,6340,3323194,457,239487,5883,3083707
2017/8/29,小型臺指期貨,自營商,9046,4729319,9300,4858170,-254,-128851,16027,8370847,12801,6685524,3226,1685323
2017/8/29,小型臺指期貨,投信,0,0,0,0,0,0,313,163762,0,0,313,163762
2017/8/29,小型臺指期貨,外資及陸資,24053,12571918,24246,12673473,-193,-101555,5871,3070002,441,230551,5430,2839451
2017/8/30,小型臺指期貨,自營商,12816,6731062,11376,5970244,1440,760818,16994,8932617,12413,6524149,4581,2408468
2017/8/30,小型臺指期貨,投信,0,0,0,0,0,0,313,164795,0,0,313,164795
2017/8/30,小型臺指期貨,外資及陸資,26451,13901818,26683,14023949,-232,-122130,5433,2858748,412,216728,5021,2642020
2017/8/31,小型臺指期貨,自營商,6323,3333270,6033,3179658,290,153611,17144,9028257,12409,6534631,4735,2493626
2017/8/31,小型臺指期貨,投信,0,0,3,1581,-3,-1581,310,163525,0,0,310,163525
2017/8/31,小型臺指期貨,外資及陸資,23741,12525702,23409,12350336,332,175366,5553,2927440,416,219231,5137,2708209
2017/9/1,小型臺指期貨,自營商,6632,3503539,6260,3307303,372,196236,17586,9283249,12123,6399359,5463,2883890
2017/9/1,小型臺指期貨,投信,0,0,0,0,0,0,310,163897,0,0,310,163897
2017/9/1,小型臺指期貨,外資及陸資,18211,9627039,18149,9594482,62,32557,5832,3081811,461,243495,5371,2838316
2017/9/4,小型臺指期貨,自營商,5125,2704701,5549,2927688,-424,-222988,17837,9397256,12522,6596691,5315,2800565
2017/9/4,小型臺指期貨,投信,0,0,0,0,0,0,310,163556,0,0,310,163556
2017/9/4,小型臺指期貨,外資及陸資,17723,9357961,17827,9412719,-104,-54758,5856,3088176,489,257764,5367,2830412
2017/9/5,小型臺指期貨,自營商,5832,3078081,5795,3057812,37,20269,18418,9731129,12938,6835552,5480,2895577
2017/9/5,小型臺指期貨,投信,0,0,7,3696,-7,-3696,303,160317,0,0,303,160317
2017/9/5,小型臺指期貨,外資及陸資,18495,9762934,19116,10090806,-621,-327873,5217,2758859,587,310305,4630,2448554
2017/9/6,小型臺指期貨,自營商,10512,5535319,13642,7178364,-3130,-1643044,16698,8770400,14417,7572309,2281,1198091
2017/9/6,小型臺指期貨,投信,0,0,0,0,0,0,303,159378,0,0,303,159378
2017/9/6,小型臺指期貨,外資及陸資,26670,14045160,28275,14890426,-1605,-845266,3703,1946213,779,409447,2924,1536766
2017/9/7,小型臺指期貨,自營商,8457,4449003,10317,5423408,-1860,-974406,15930,8344362,15385,8059023,545,285339
2017/9/7,小型臺指期貨,投信,0,0,0,0,0,0,303,158939,0,0,303,158939
2017/9/7,小型臺指期貨,外資及陸資,25863,13610042,25799,13576855,64,33187,3713,1946176,737,386256,2976,1559920
2017/9/8,小型臺指期貨,自營商,11658,6135733,8661,4559767,2997,1575966,19568,10308809,14710,7750090,4858,2558719
2017/9/8,小型臺指期貨,投信,0,0,0,0,0,0,303,159848,0,0,303,159848
2017/9/8,小型臺指期貨,外資及陸資,25650,13508289,23250,12245668,2400,1262621,5894,3107740,706,372029,5188,2735711
2017/9/11,小型臺指期貨,自營商,11056,5844468,11870,6270795,-814,-426327,19021,10031472,15069,7947057,3952,2084415
2017/9/11,小型臺指期貨,投信,1,531,0,0,1,531,304,160558,0,0,304,160558
2017/9/11,小型臺指期貨,外資及陸資,29078,15373308,30884,16327429,-1806,-954121,4230,2232352,824,434696,3406,1797656
2017/9/12,小型臺指期貨,自營商,7001,3702750,7133,3773237,-132,-70488,18500,9780077,14664,7752901,3836,2027176
2017/9/12,小型臺指期貨,投信,0,0,0,0,0,0,304,160953,0,0,304,160953
2017/9/12,小型臺指期貨,外資及陸資,22687,12008502,22241,11772917,446,235585,4518,2390269,834,440931,3684,1949338
2017/9/13,小型臺指期貨,自營商,7587,4001089,11622,6123338,-4035,-2122249,17159,9011859,17288,9080156,-129,-68297
2017/9/13,小型臺指期貨,投信,0,0,0,0,0,0,304,159919,0,0,304,159919
2017/9/13,小型臺指期貨,外資及陸資,26935,14209793,29269,15439968,-2334,-1230176,3043,1598943,1476,775620,1567,823323
2017/9/14,小型臺指期貨,自營商,7540,3960560,7224,3795069,316,165491,17758,9332888,17559,9229490,199,103398
2017/9/14,小型臺指期貨,投信,0,0,3,1580,-3,-1580,301,158461,0,0,301,158461
2017/9/14,小型臺指期貨,外資及陸資,23664,12444508,22944,12065649,720,378859,3641,1915000,1514,796076,2127,1118924
2017/9/15,小型臺指期貨,自營商,11312,5951337,7777,4091281,3535,1860056,20967,11058966,17113,9027764,3854,2031202
2017/9/15,小型臺指期貨,投信,0,0,0,0,0,0,301,159018,0,0,301,159018
2017/9/15,小型臺指期貨,外資及陸資,24916,13114545,23607,12425516,1309,689029,4421,2333771,1333,703275,3088,1630496
2017/9/18,小型臺指期貨,自營商,14330,7594480,13094,6945286,1236,649194,22394,11888426,17556,9324929,4838,2563497
2017/9/18,小型臺指期貨,投信,7,3715,7,3722,0,-7,301,160050,0,0,301,160050
2017/9/18,小型臺指期貨,外資及陸資,21147,11219132,18932,10045974,2215,1173157,6004,3189869,1117,593097,4887,2596772
2017/9/19,小型臺指期貨,自營商,11048,5861153,12221,6477612,-1173,-616458,20101,10615112,16464,8695162,3637,1919950
2017/9/19,小型臺指期貨,投信,84,44334,84,44426,0,-92,301,159105,0,0,301,159105
2017/9/19,小型臺指期貨,外資及陸資,20677,10972748,23483,12464056,-2806,-1491307,3455,1824336,1670,881860,1785,942476
2017/9/20,小型臺指期貨,自營商,16286,8567627,20509,10784231,-4223,-2216605,6786,3558195,5978,3132235,808,425960
2017/9/20,小型臺指期貨,投信,0,0,210,110629,-210,-110629,91,47830,0,0,91,47830
2017/9/20,小型臺指期貨,外資及陸資,28854,15184906,29410,15478559,-556,-293653,1787,938173,987,518619,800,419554
2017/9/21,小型臺指期貨,自營商,10995,5790097,7907,4161247,3088,1628850,7693,4057219,3681,1936782,4012,2120437
2017/9/21,小型臺指期貨,投信,0,0,0,0,0,0,91,48107,0,0,91,48107
2017/9/21,小型臺指期貨,外資及陸資,26391,13898167,25138,13234004,1253,664163,2445,1291503,932,492563,1513,798940
2017/9/22,小型臺指期貨,自營商,9427,4941338,14313,7504936,-4886,-2563598,8627,4491416,9417,4899839,-790,-408423
2017/9/22,小型臺指期貨,投信,0,0,0,0,0,0,91,47466,0,0,91,47466
2017/9/22,小型臺指期貨,外資及陸資,30233,15848412,36181,18969686,-5948,-3121274,901,468948,4352,2269867,-3451,-1800919
2017/9/25,小型臺指期貨,自營商,10720,5555640,12931,6700756,-2211,-1145116,8875,4577336,11836,6100716,-2961,-1523380
2017/9/25,小型臺指期貨,投信,0,0,0,0,0,0,91,47011,0,0,91,47011
2017/9/25,小型臺指期貨,外資及陸資,33855,17545695,34142,17697273,-287,-151578,702,361671,4004,2068338,-3302,-1706667
2017/9/26,小型臺指期貨,自營商,11177,5760706,13172,6788039,-1995,-1027333,9064,4643985,13984,7160976,-4920,-2516991
2017/9/26,小型臺指期貨,投信,0,0,0,0,0,0,91,46697,0,0,91,46697
2017/9/26,小型臺指期貨,外資及陸資,32961,17004151,33362,17214309,-401,-210158,696,356096,3731,1914433,-3035,-1558337
2017/9/27,小型臺指期貨,自營商,12067,6218523,9631,4964646,2436,1253877,8782,4524779,11281,5808605,-2499,-1283826
2017/9/27,小型臺指期貨,投信,0,0,0,0,0,0,91,46970,0,0,91,46970
2017/9/27,小型臺指期貨,外資及陸資,24921,12851440,23883,12318132,1038,533308,700,360187,2952,1523541,-2252,-1163354
2017/9/28,小型臺指期貨,自營商,9925,5115021,9769,5032292,156,82729,9088,4674662,11471,5895636,-2383,-1220974
2017/9/28,小型臺指期貨,投信,0,0,0,0,0,0,91,46888,0,0,91,46888
2017/9/28,小型臺指期貨,外資及陸資,29809,15365442,30084,15508792,-275,-143350,706,362708,3353,1727483,-2647,-1364775
2017/9/29,小型臺指期貨,自營商,7781,4005410,8159,4198055,-378,-192645,8804,4533771,11513,5924439,-2709,-1390668
2017/9/29,小型臺指期貨,投信,0,0,0,0,0,0,91,46947,0,0,91,46947
2017/9/29,小型臺指期貨,外資及陸資,24853,12796622,24639,12687037,214,109585,853,438911,3218,1660021,-2365,-1221110
2017/9/30,小型臺指期貨,自營商,7005,3628233,4567,2368144,2438,1260090,8176,4234716,8595,4448166,-419,-213450
2017/9/30,小型臺指期貨,投信,0,0,0,0,0,0,91,47224,0,0,91,47224
2017/9/30,小型臺指期貨,外資及陸資,4841,2507728,4224,2188715,617,319013,891,461388,2639,1369354,-1748,-907966
2017/10/2,小型臺指期貨,自營商,10083,5254127,6406,3339276,3677,1914851,9374,4888662,6320,3290887,3054,1597775
2017/10/2,小型臺指期貨,投信,0,0,0,0,0,0,91,47548,0,0,91,47548
2017/10/2,小型臺指期貨,外資及陸資,16762,8739621,15294,7975323,1468,764297,1449,756015,2041,1066269,-592,-310254
2017/10/3,小型臺指期貨,自營商,8303,4338339,6208,3243452,2095,1094887,10511,5488963,5362,2793769,5149,2695194
2017/10/3,小型臺指期貨,投信,0,0,0,0,0,0,91,47607,0,0,91,47607
2017/10/3,小型臺指期貨,外資及陸資,18816,9834246,18947,9903342,-131,-69096,1007,525726,1886,986504,-879,-460778
2017/10/5,小型臺指期貨,自營商,8285,4343217,6545,3431457,1740,911760,11925,6252731,5551,2905034,6374,3347697
2017/10/5,小型臺指期貨,投信,0,0,0,0,0,0,91,47798,0,0,91,47798
2017/10/5,小型臺指期貨,外資及陸資,16190,8490018,15558,8158312,632,331707,934,489463,1651,867008,-717,-377545
2017/10/6,小型臺指期貨,自營商,6123,3218552,4221,2218676,1902,999877,13519,7101928,5307,2781587,8212,4320341
2017/10/6,小型臺指期貨,投信,90,47342,0,0,90,47342,181,95233,0,0,181,95233
2017/10/6,小型臺指期貨,外資及陸資,17593,9251784,16637,8749830,956,501953,1337,702436,1098,577506,239,124930
2017/10/11,小型臺指期貨,自營商,17189,9108039,12501,6623579,4688,2484460,17742,9417409,4791,2538033,12951,6879376
2017/10/11,小型臺指期貨,投信,0,0,0,0,0,0,181,96220,0,0,181,96220
2017/10/11,小型臺指期貨,外資及陸資,29536,15662650,27762,14721349,1774,941301,3132,1663609,1153,612699,1979,1050910
2017/10/12,小型臺指期貨,自營商,10803,5756603,7993,4263173,2810,1493430,21906,11700560,4449,2372291,17457,9328269
2017/10/12,小型臺指期貨,投信,0,0,0,0,0,0,181,96808,0,0,181,96808
2017/10/12,小型臺指期貨,外資及陸資,18410,9819717,17352,9256524,1058,563193,4054,2166713,1017,543719,3037,1622994
2017/10/13,小型臺指期貨,自營商,6825,3644845,6286,3358203,539,286641,23205,12410825,4277,2283278,18928,10127547
2017/10/13,小型臺指期貨,投信,0,0,0,0,0,0,181,96926,0,0,181,96926
2017/10/13,小型臺指期貨,外資及陸資,13037,6964826,12808,6843097,229,121729,4395,2352078,1129,604347,3266,1747731
2017/10/16,小型臺指期貨,自營商,10991,5893499,12063,6472439,-1072,-578940,23939,12857855,6591,3537418,17348,9320437
2017/10/16,小型臺指期貨,投信,39,20952,39,20978,0,-26,181,97316,0,0,181,97316
2017/10/16,小型臺指期貨,外資及陸資,19742,10595164,19650,10546511,92,48653,4708,2530117,1350,725746,3358,1804371
2017/10/17,小型臺指期貨,自營商,8825,4741250,9221,4954098,-396,-212848,23399,12531157,4555,2435000,18844,10096157
2017/10/17,小型臺指期貨,投信,52,27917,142,76408,-90,-48491,91,48753,0,0,91,48753
2017/10/17,小型臺指期貨,外資及陸資,19034,10232058,18369,9874818,665,357240,5181,2776147,1150,616289,4031,2159858
2017/10/18,小型臺指期貨,自營商,13998,7506876,14513,7778569,-515,-271693,14062,7532081,2345,1251792,11717,6280289
2017/10/18,小型臺指期貨,投信,210,112661,0,0,210,112661,301,161396,0,0,301,161396
2017/10/18,小型臺指期貨,外資及陸資,22452,12038389,23568,12638452,-1116,-600063,2159,1157110,274,146802,1885,1010308
2017/10/19,小型臺指期貨,自營商,7803,4197118,8194,4401009,-391,-203891,13806,7420722,2756,1471784,11050,5948938
2017/10/19,小型臺指期貨,投信,0,0,0,0,0,0,301,161953,0,0,301,161953
2017/10/19,小型臺指期貨,外資及陸資,22865,12308755,22950,12354733,-85,-45978,2505,1347251,705,379220,1800,968031
2017/10/20,小型臺指期貨,自營商,10159,5445955,11059,5927101,-900,-481146,13970,7487356,4028,2150276,9942,5337080
2017/10/20,小型臺指期貨,投信,0,0,0,0,0,0,301,161471,0,0,301,161471
2017/10/20,小型臺指期貨,外資及陸資,27998,15017992,27829,14927760,169,90232,2699,1447443,770,412986,1929,1034457
2017/10/23,小型臺指期貨,自營商,7239,3889413,7122,3822467,117,66946,13827,7415931,4164,2221314,9663,5194617
2017/10/23,小型臺指期貨,投信,0,0,0,0,0,0,301,161577,0,0,301,161577
2017/10/23,小型臺指期貨,外資及陸資,22771,12243145,22359,12023451,412,219694,3157,1694167,856,459413,2301,1234754
2017/10/24,小型臺指期貨,自營商,5530,2967072,5235,2808361,295,158711,13710,7358410,4000,2135385,9710,5223025
2017/10/24,小型臺指期貨,投信,0,0,0,0,0,0,301,161697,0,0,301,161697
2017/10/24,小型臺指期貨,外資及陸資,17529,9408083,17707,9504597,-178,-96513,3274,1758328,1151,618240,2123,1140088
2017/10/25,小型臺指期貨,自營商,7433,3994567,8926,4795469,-1493,-800903,12827,6880483,4671,2494877,8156,4385606
2017/10/25,小型臺指期貨,投信,0,0,0,0,0,0,301,161607,0,0,301,161607
2017/10/25,小型臺指期貨,外資及陸資,21118,11354457,22155,11912536,-1037,-558079,3059,1641865,1941,1042002,1118,599863
2017/10/26,小型臺指期貨,自營商,5705,3057333,6792,3638483,-1087,-581150,12237,6556081,5060,2700349,7177,3855732
2017/10/26,小型臺指期貨,投信,0,0,0,0,0,0,301,161426,0,0,301,161426
2017/10/26,小型臺指期貨,外資及陸資,19655,10538495,19535,10473484,120,65011,3489,1870647,2251,1207130,1238,663517
2017/10/27,小型臺指期貨,自營商,10559,5672592,11838,6348058,-1279,-675466,11309,6050170,5775,3075997,5534,2974173
2017/10/27,小型臺指期貨,投信,0,0,210,112746,-210,-112746,91,48731,0,0,91,48731
2017/10/27,小型臺指期貨,外資及陸資,23444,12596215,24271,13039805,-827,-443590,3130,1675556,2719,1455938,411,219618
2017/10/30,小型臺指期貨,自營商,11765,6328245,10471,5629923,1294,698322,12428,6669333,6100,3260887,6328,3408446
2017/10/30,小型臺指期貨,投信,0,0,0,0,0,0,91,48890,0,0,91,48890
2017/10/30,小型臺指期貨,外資及陸資,27915,15021913,27142,14607817,773,414096,3032,1628373,1848,992755,1184,635618
2017/10/31,小型臺指期貨,自營商,10774,5797389,6474,3481429,4300,2315960,16402,8832638,5998,3216338,10404,5616300
2017/10/31,小型臺指期貨,投信,0,0,0,0,0,0,91,49058,0,0,91,49058
2017/10/31,小型臺指期貨,外資及陸資,20711,11145040,21466,11552492,-755,-407452,2796,1506638,2355,1269505,441,237133
2017/11/1,小型臺指期貨,自營商,6354,3428896,7883,4251816,-1529,-822920,16394,8849440,7593,4084712,8801,4764728
2017/11/1,小型臺指期貨,投信,0,0,0,0,0,0,91,49176,0,0,91,49176
2017/11/1,小型臺指期貨,外資及陸資,20810,11238058,21961,11859719,-1151,-621661,2333,1260033,2771,1497307,-438,-237274
2017/11/2,小型臺指期貨,自營商,6989,3768512,9165,4938031,-2176,-1169519,15474,8332593,8937,4797576,6537,3535017
2017/11/2,小型臺指期貨,投信,0,0,0,0,0,0,91,49054,0,0,91,49054
2017/11/2,小型臺指期貨,外資及陸資,20108,10845014,20483,11046933,-375,-201919,2546,1371699,3251,1752257,-705,-380558
2017/11/3,小型臺指期貨,自營商,7715,4154377,7406,3983837,309,170540,16680,8987979,10158,5456720,6522,3531259
2017/11/3,小型臺指期貨,投信,0,0,0,0,0,0,91,49081,0,0,91,49081
2017/11/3,小型臺指期貨,外資及陸資,19640,10579992,19656,10588367,-16,-8375,2360,1272168,3081,1661569,-721,-389401
2017/11/6,小型臺指期貨,自營商,8659,4666449,9479,5100722,-820,-434273,16515,8886218,11317,6070468,5198,2815750
2017/11/6,小型臺指期貨,投信,0,0,0,0,0,0,91,49008,0,0,91,49008
2017/11/6,小型臺指期貨,外資及陸資,26098,14065433,27823,14993656,-1725,-928223,1292,694997,3730,2008627,-2438,-1313630
2017/11/7,小型臺指期貨,自營商,8672,4676597,5714,3083254,2958,1593343,17515,9467011,10175,5480965,7340,3986046
2017/11/7,小型臺指期貨,投信,0,0,0,0,0,0,91,49245,0,0,91,49245
2017/11/7,小型臺指期貨,外資及陸資,18398,9930686,15848,8555586,2550,1375100,2052,1109291,1940,1049654,112,59637
2017/11/8,小型臺指期貨,自營商,4043,2184380,6102,3295945,-2059,-1111565,17075,9214104,11873,6388868,5202,2825236
2017/11/8,小型臺指期貨,投信,0,0,0,0,0,0,91,49163,0,0,91,49163
2017/11/8,小型臺指期貨,外資及陸資,12645,6834388,13991,7561887,-1346,-727499,1832,988620,3005,1623271,-1173,-634651
2017/11/9,小型臺指期貨,自營商,10974,5905736,14613,7857924,-3639,-1952188,15090,8079449,13607,7263421,1483,816028
2017/11/9,小型臺指期貨,投信,0,0,0,0,0,0,91,48785,0,0,91,48785
2017/11/9,小型臺指期貨,外資及陸資,25890,13943303,26237,14130529,-347,-187225,1512,809599,3032,1625252,-1520,-815653
2017/11/10,小型臺指期貨,自營商,11249,6012391,10321,5516997,928,495394,15472,8289584,12729,6798361,2743,1491223
2017/11/10,小型臺指期貨,投信,0,0,0,0,0,0,91,48812,0,0,91,48812
2017/11/10,小型臺指期貨,外資及陸資,21869,11697254,21475,11488922,394,208332,1858,996004,3064,1643378,-1206,-647374
2017/11/13,小型臺指期貨,自營商,8131,4351457,10807,5782730,-2676,-1431273,14390,7684294,14387,7661545,3,22749
2017/11/13,小型臺指期貨,投信,0,0,0,0,0,0,91,48644,0,0,91,48644
2017/11/13,小型臺指期貨,外資及陸資,18160,9722772,16742,8964594,1418,758179,3705,1979437,3509,1875568,196,103869
2017/11/14,小型臺指期貨,自營商,14012,7477014,12553,6696644,1459,780370,17564,9372964,16182,8612040,1382,760924
2017/11/14,小型臺指期貨,投信,127,67774,91,48600,36,19174,127,67767,0,0,127,67767
2017/11/14,小型臺指期貨,外資及陸資,22444,11980964,23166,12365250,-722,-384286,3178,1695358,3692,1971814,-514,-276456
2017/11/15,小型臺指期貨,自營商,10028,5329368,15572,8271338,-5544,-2941971,3095,1634767,9320,4908848,-6225,-3274081
2017/11/15,小型臺指期貨,投信,8,4242,315,167318,-307,-163075,135,71564,315,166982,-180,-95418
2017/11/15,小型臺指期貨,外資及陸資,21498,11426791,23223,12345288,-1725,-918497,2592,1373220,1026,543763,1566,829457
2017/11/16,小型臺指期貨,自營商,8971,4750658,8651,4578742,320,171916,4575,2419181,10492,5531980,-5917,-3112799
2017/11/16,小型臺指期貨,投信,0,0,40,21236,-40,-21236,95,50431,315,167218,-220,-116787
2017/11/16,小型臺指期貨,外資及陸資,18552,9832225,16301,8640725,2251,1191499,4613,2447936,800,424558,3813,2023378
2017/11/17,小型臺指期貨,自營商,10526,5619618,7085,3783624,3441,1835994,6067,3235928,8599,4565458,-2532,-1329530
2017/11/17,小型臺指期貨,投信,0,0,0,0,0,0,95,50839,315,168572,-220,-117733
2017/11/17,小型臺指期貨,外資及陸資,21358,11413650,19539,10441201,1819,972449,5835,3121735,203,108514,5632,3013221
2017/11/20,小型臺指期貨,自營商,5786,3090448,6123,3266520,-337,-176072,6702,3563864,9375,4960440,-2673,-1396576
2017/11/20,小型臺指期貨,投信,0,0,32,17059,-32,-17059,87,46397,339,180789,-252,-134392
2017/11/20,小型臺指期貨,外資及陸資,19534,10434780,21882,11690713,-2348,-1255932,3477,1853398,189,100670,3288,1752728
2017/11/21,小型臺指期貨,自營商,9481,5082539,7438,3989611,2043,1092929,8159,4386484,8777,4694341,-618,-307857
2017/11/21,小型臺指期貨,投信,0,0,24,12936,-24,-12936,87,46915,363,195748,-276,-148833
2017/11/21,小型臺指期貨,外資及陸資,22039,11819849,20759,11135668,1280,684182,4724,2546522,160,86160,4564,2460362
2017/11/22,小型臺指期貨,自營商,12890,6975681,10362,5606953,2528,1368728,10055,5429885,8196,4399490,1859,1030395
2017/11/22,小型臺指期貨,投信,0,0,8,4330,-8,-4330,87,47093,371,200822,-284,-153729
2017/11/22,小型臺指期貨,外資及陸資,25242,13672840,24586,13319042,656,353798,5366,2903749,159,85951,5207,2817798
2017/11/23,小型臺指期貨,自營商,5968,3230058,5000,2708344,968,521714,10748,5819381,7949,4278568,2799,1540813
2017/11/23,小型臺指期貨,投信,347,188317,0,0,347,188317,87,47215,24,13025,63,34190
2017/11/23,小型臺指期貨,外資及陸資,15743,8529510,15571,8437030,172,92480,5538,3004621,159,86175,5379,2918446
2017/11/24,小型臺指期貨,自營商,3830,2074443,4818,2609004,-988,-534561,10126,5481765,8315,4477394,1811,1004371
2017/11/24,小型臺指期貨,投信,32,17363,0,0,32,17363,95,51557,0,0,95,51557
2017/11/24,小型臺指期貨,外資及陸資,12060,6537429,12471,6760296,-411,-222868,5187,2814081,219,118719,4968,2695362
2017/11/27,小型臺指期貨,自營商,7341,3956836,13592,7322275,-6251,-3365440,7629,4088380,12485,6671238,-4856,-2582858
2017/11/27,小型臺指期貨,投信,0,0,0,0,0,0,95,51058,0,0,95,51058
2017/11/27,小型臺指期貨,外資及陸資,22805,12303338,25426,13718580,-2621,-1415242,2756,1480395,381,204530,2375,1275865
2017/11/28,小型臺指期貨,自營商,7381,3953488,8947,4791933,-1566,-838445,7222,3853272,13624,7252499,-6402,-3399227
2017/11/28,小型臺指期貨,投信,0,0,31,16628,-31,-16628,64,34266,0,0,64,34266
2017/11/28,小型臺指期貨,外資及陸資,23660,12687845,23661,12689517,-1,-1672,2967,1587680,581,310707,2386,1276973
2017/11/29,小型臺指期貨,自營商,6904,3699555,7699,4122629,-795,-423074,7081,3782330,14287,7618333,-7206,-3836003
2017/11/29,小型臺指期貨,投信,0,0,16,8571,-16,-8571,48,25747,0,0,48,25747
2017/11/29,小型臺指期貨,外資及陸資,21470,11519613,20977,11256950,493,262662,3287,1762274,417,223413,2870,1538861
2017/11/30,小型臺指期貨,自營商,11090,5889657,16598,8802201,-5508,-2912544,5550,2927122,18160,9550640,-12610,-6623518
2017/11/30,小型臺指期貨,投信,0,0,0,0,0,0,48,25382,0,0,48,25382
2017/11/30,小型臺指期貨,外資及陸資,34025,18078418,38415,20417588,-4390,-2339170,2367,1250915,3887,2055135,-1520,-804220
2017/12/1,小型臺指期貨,自營商,14551,7690646,14434,7629634,117,61012,6011,3175452,18376,9693191,-12365,-6517739
2017/12/1,小型臺指期貨,投信,0,0,420,222795,-420,-222795,48,25447,420,222663,-372,-197216
2017/12/1,小型臺指期貨,外資及陸資,43374,22944049,41734,22077437,1640,866611,2695,1427905,2575,1364838,120,63067
2017/12/4,小型臺指期貨,自營商,11673,6179537,10989,5813925,684,365611,6271,3323640,17976,9521185,-11705,-6197545
2017/12/4,小型臺指期貨,投信,0,0,0,0,0,0,48,25558,420,223629,-372,-198071
2017/12/4,小型臺指期貨,外資及陸資,38946,20642180,37349,19800616,1597,841565,3443,1832223,1730,920824,1713,911399
2017/12/5,小型臺指期貨,自營商,9830,5201778,11398,6030598,-1568,-828820,6152,3238787,19353,10177528,-13201,-6938741
2017/12/5,小型臺指期貨,投信,0,0,0,0,0,0,48,25370,420,221991,-372,-196621
2017/12/5,小型臺指期貨,外資及陸資,33531,17758333,34052,18036458,-521,-278125,3340,1764446,2260,1194233,1080,570213
2017/12/6,小型臺指期貨,自營商,14683,7685143,18391,9617164,-3708,-1932021,5167,2674378,22265,11501710,-17098,-8827332
2017/12/6,小型臺指期貨,投信,0,0,0,0,0,0,48,24922,420,218064,-372,-193142
2017/12/6,小型臺指期貨,外資及陸資,41771,21893968,44088,23111402,-2317,-1217434,1764,914972,4658,2417864,-2894,-1502892
2017/12/7,小型臺指期貨,自營商,12052,6235041,12328,6377365,-276,-142324,5278,2726336,22708,11709298,-17430,-8982962
2017/12/7,小型臺指期貨,投信,0,0,0,0,0,0,48,24876,420,217665,-372,-192789
2017/12/7,小型臺指期貨,外資及陸資,41802,21674293,40580,21044846,1222,629447,2554,1322604,4210,2181338,-1656,-858734
2017/12/8,小型臺指期貨,自營商,9997,5180561,9645,4998027,352,182534,4872,2523788,21922,11338690,-17050,-8814902
2017/12/8,小型臺指期貨,投信,0,0,0,0,0,0,48,24950,420,218316,-372,-193366
2017/12/8,小型臺指期貨,外資及陸資,35160,18235262,35021,18164703,139,70559,2686,1395224,4311,2240318,-1625,-845094
2017/12/11,小型臺指期貨,自營商,9819,5128563,8624,4506374,1195,622189,4925,2571232,20188,10523370,-15263,-7952138
2017/12/11,小型臺指期貨,投信,0,0,0,0,0,0,48,25147,420,220038,-372,-194891
2017/12/11,小型臺指期貨,外資及陸資,26828,14028348,27000,14119638,-172,-91290,2008,1051068,3861,2022291,-1853,-971223
2017/12/12,小型臺指期貨,自營商,9199,4798251,7798,4064845,1401,733406,5619,2922016,19353,10040023,-13734,-7118007
2017/12/12,小型臺指期貨,投信,0,0,1,521,-1,-521,47,24513,420,219051,-373,-194538
2017/12/12,小型臺指期貨,外資及陸資,27980,14603550,27515,14362064,465,241486,1965,1024001,3365,1754549,-1400,-730548
2017/12/13,小型臺指期貨,自營商,7459,3893763,7470,3897579,-11,-3816,6617,3447695,20220,10510808,-13603,-7063113
2017/12/13,小型臺指期貨,投信,0,0,0,0,0,0,47,24558,420,219450,-373,-194892
2017/12/13,小型臺指期貨,外資及陸資,24016,12544028,23126,12079421,890,464607,2183,1139703,2653,1385738,-470,-246035
2017/12/14,小型臺指期貨,自營商,13932,7331943,10706,5636380,3226,1695563,9463,4968108,19832,10383016,-10369,-5414908
2017/12/14,小型臺指期貨,投信,0,0,0,0,0,0,47,24738,420,221067,-373,-196329
2017/12/14,小型臺指期貨,外資及陸資,26072,13738834,25108,13232929,964,505905,2218,1166513,1788,940448,430,226065
2017/12/15,小型臺指期貨,自營商,13576,7100286,13290,6943334,286,156952,9207,4814582,19262,10036174,-10055,-5221592
2017/12/15,小型臺指期貨,投信,0,0,0,0,0,0,47,24640,420,220185,-373,-195545
2017/12/15,小型臺指期貨,外資及陸資,31192,16319403,32260,16880691,-1068,-561288,1899,994427,2537,1329280,-638,-334853
2017/12/18,小型臺指期貨,自營商,9815,5141330,11716,6137307,-1901,-995977,7332,3838413,19264,10055264,-11932,-6216851
2017/12/18,小型臺指期貨,投信,24,12602,0,0,24,12602,71,37279,420,220521,-349,-183242
2017/12/18,小型臺指期貨,外資及陸資,29596,15517003,27467,14401102,2129,1115900,3230,1694602,1739,912547,1491,782055
2017/12/19,小型臺指期貨,自營商,10659,5587516,10418,5460771,241,126746,7743,4038098,19454,10114040,-11711,-6075942
2017/12/19,小型臺指期貨,投信,459,240847,39,20384,420,220463,71,37097,0,0,71,37097
2017/12/19,小型臺指期貨,外資及陸資,31280,16410807,31888,16728317,-608,-317510,2765,1444647,1902,993323,863,451324
2017/12/20,小型臺指期貨,自營商,14478,7582836,12515,6556775,1963,1026061,5537,2898428,8253,4282403,-2716,-1383975
2017/12/20,小型臺指期貨,投信,0,0,40,21014,-40,-21014,39,20491,40,21016,-1,-525
2017/12/20,小型臺指期貨,外資及陸資,28698,15036613,25678,13455268,3020,1581344,2702,1418879,849,445986,1853,972893
2017/12/21,小型臺指期貨,自營商,6410,3363753,8506,4466208,-2096,-1102455,5006,2616797,9818,5099563,-4812,-2482766
2017/12/21,小型臺指期貨,投信,0,0,16,8394,-16,-8394,39,20465,56,29386,-17,-8921
2017/12/21,小型臺指期貨,外資及陸資,24458,12848251,26398,13869281,-1940,-1021029,1422,745512,1509,791779,-87,-46267
2017/12/22,小型臺指期貨,自營商,5300,2780654,4010,2103135,1290,677519,6287,3300106,9757,5085136,-3470,-1785030
2017/12/22,小型臺指期貨,投信,0,0,0,0,0,0,39,20539,56,29492,-17,-8953
2017/12/22,小型臺指期貨,外資及陸資,16796,8815400,16312,8562387,484,253013,1954,1028318,1557,819911,397,208407
2017/12/25,小型臺指期貨,自營商,4465,2349873,5281,2779800,-816,-429927,6085,3191513,10407,5423278,-4322,-2231765
2017/12/25,小型臺指期貨,投信,0,0,0,0,0,0,39,20524,56,29470,-17,-8946
2017/12/25,小型臺指期貨,外資及陸資,11659,6140539,10994,5790743,665,349796,2299,1209105,1237,650831,1062,558274
2017/12/26,小型臺指期貨,自營商,9462,4943891,11593,6053657,-2131,-1109765,4959,2572524,11920,6151738,-6961,-3579214
2017/12/26,小型臺指期貨,投信,0,0,0,0,0,0,39,20313,56,29168,-17,-8855
2017/12/26,小型臺指期貨,外資及陸資,25449,13307799,27035,14139371,-1586,-831572,863,448767,1387,722248,-524,-273481
2017/12/27,小型臺指期貨,自營商,9780,5103369,8255,4307479,1525,795890,6729,3509686,12228,6342836,-5499,-2833150
2017/12/27,小型臺指期貨,投信,0,0,0,0,0,0,39,20424,56,29327,-17,-8903
2017/12/27,小型臺指期貨,外資及陸資,23621,12333656,21315,11130972,2306,1202684,2794,1462218,1050,549720,1744,912498
2017/12/28,小型臺指期貨,自營商,10561,5562770,8981,4734140,1580,828631,8984,4727244,12903,6753226,-3919,-2025982
2017/12/28,小型臺指期貨,投信,107,56502,75,39609,32,16893,39,20594,24,12673,15,7921
2017/12/28,小型臺指期貨,外資及陸資,27142,14319923,26126,13784174,1016,535748,3735,1971324,1019,537922,2716,1433402
2017/12/29,小型臺指期貨,自營商,8077,4282086,7268,3855248,809,426838,9274,4912156,12676,6679348,-3402,-1767192
2017/12/29,小型臺指期貨,投信,0,0,0,0,0,0,39,20734,24,12760,15,7974
2017/12/29,小型臺指期貨,外資及陸資,21953,11654850,21356,11337788,597,317063,4380,2327622,1067,567104,3313,1760518
2018/1/2,小型臺指期貨,自營商,13498,7188380,9467,5040669,4031,2147711,12583,6716584,11706,6206950,877,509634
2018/1/2,小型臺指期貨,投信,0,0,0,0,0,0,39,20881,24,12850,15,8031
2018/1/2,小型臺指期貨,外資及陸資,19024,10137952,18501,9860007,523,277945,4938,2642701,1102,589820,3836,2052881
2018/1/3,小型臺指期貨,自營商,11740,6283827,9373,5038383,2367,1245444,14967,8044216,12210,6535404,2757,1508812
2018/1/3,小型臺指期貨,投信,0,0,0,0,0,0,39,21037,24,12946,15,8091
2018/1/3,小型臺指期貨,外資及陸資,22720,12231043,22587,12159574,133,71468,4984,2687344,975,525716,4009,2161628
2018/1/4,小型臺指期貨,自營商,9961,5373941,7833,4227783,2128,1146158,17742,9583896,12897,6938325,4845,2645571
2018/1/4,小型臺指期貨,投信,16,8664,0,0,16,8664,39,21132,8,4335,31,16797
2018/1/4,小型臺指期貨,外資及陸資,22506,12153648,22075,11923012,431,230637,5445,2949405,1005,544386,4440,2405019
2018/1/5,小型臺指期貨,自營商,9808,5305452,9061,4908255,747,397197,19176,10380477,13944,7522046,5232,2858431
2018/1/5,小型臺指期貨,投信,0,0,0,0,0,0,39,21173,8,4343,31,16830
2018/1/5,小型臺指期貨,外資及陸資,23440,12703954,23501,12738656,-61,-34702,5184,2813449,501,271815,4683,2541634
2018/1/8,小型臺指期貨,自營商,8293,4499512,7943,4313143,350,186369,19759,10720205,14273,7720443,5486,2999762
2018/1/8,小型臺指期貨,投信,24,13062,0,0,24,13062,55,29931,0,0,55,29931
2018/1/8,小型臺指期貨,外資及陸資,22149,12040663,20756,11285100,1393,755563,6927,3768696,815,443330,6112,3325366
2018/1/9,小型臺指期貨,自營商,8083,4390317,7001,3804273,1082,586044,21880,11869555,15408,8334446,6472,3535109
2018/1/9,小型臺指期貨,投信,240,130537,0,0,240,130537,295,160465,0,0,295,160465
2018/1/9,小型臺指期貨,外資及陸資,20311,11045656,19203,10443883,1108,601773,7808,4246238,588,319655,7220,3926583
2018/1/10,小型臺指期貨,自營商,8693,4715071,11165,6049800,-2472,-1334730,19900,10725313,14247,7651897,5653,3073416
2018/1/10,小型臺指期貨,投信,0,0,0,0,0,0,295,159448,0,0,295,159448
2018/1/10,小型臺指期貨,外資及陸資,26286,14265463,26122,14176339,164,89125,8006,4326430,596,321838,7410,4004592
2018/1/11,小型臺指期貨,自營商,13212,7125031,11913,6420296,1299,704735,21251,11447437,14407,7731226,6844,3716211
2018/1/11,小型臺指期貨,投信,0,0,0,0,0,0,295,159285,0,0,295,159285
2018/1/11,小型臺指期貨,外資及陸資,35757,19296658,35298,19048306,459,248352,8479,4577497,610,329061,7869,4248436
2018/1/12,小型臺指期貨,自營商,12393,6718694,12595,6836573,-202,-117879,21641,11740905,13451,7272727,8190,4468178
2018/1/12,小型臺指期貨,投信,0,0,0,0,0,0,295,160421,0,0,295,160421
2018/1/12,小型臺指期貨,外資及陸資,22866,12411613,23057,12517812,-191,-106198,8480,4610776,774,420730,7706,4190046
2018/1/15,小型臺指期貨,自營商,11179,6099985,9036,4932735,2143,1167250,24112,13181019,14067,7665190,10045,5515829
2018/1/15,小型臺指期貨,投信,0,0,0,0,0,0,295,161601,0,0,295,161601
2018/1/15,小型臺指期貨,外資及陸資,23926,13070164,24359,13307313,-433,-237149,8119,4446801,654,358146,7465,4088655
2018/1/16,小型臺指期貨,自營商,8815,4818021,9030,4939712,-215,-121691,24129,13220095,13075,7141074,11054,6079021
2018/1/16,小型臺指期貨,投信,39,21389,295,161692,-256,-140303,55,30194,16,8782,39,21412
2018/1/16,小型臺指期貨,外資及陸資,21439,11732930,21500,11767327,-61,-34397,8324,4569727,876,480872,7448,4088855
2018/1/17,小型臺指期貨,自營商,13037,7154032,13350,7326925,-313,-172893,15672,8584110,6114,3321985,9558,5262125
2018/1/17,小型臺指期貨,投信,0,0,16,8762,-16,-8762,39,21429,16,8791,23,12638
2018/1/17,小型臺指期貨,外資及陸資,27019,14825787,26538,14563398,481,262389,4099,2251463,373,204897,3726,2046566
2018/1/18,小型臺指期貨,自營商,13722,7586363,13206,7299433,516,286929,15382,8478322,5340,2910973,10042,5567349
2018/1/18,小型臺指期貨,投信,0,0,24,13288,-24,-13288,39,21563,40,22116,-1,-553
2018/1/18,小型臺指期貨,外資及陸資,36950,20462087,38508,21330475,-1558,-868388,4179,2309870,2015,1114049,2164,1195821
2018/1/19,小型臺指期貨,自營商,8967,4972390,7818,4336363,1149,636027,17347,9631266,6172,3394118,11175,6237148
2018/1/19,小型臺指期貨,投信,250,139038,0,0,250,139038,249,138668,0,0,249,138668
2018/1/19,小型臺指期貨,外資及陸資,25818,14333000,24451,13576047,1367,756953,5744,3198196,2213,1232385,3531,1965811
2018/1/22,小型臺指期貨,自營商,12448,6938144,11823,6583348,625,354796,19148,10709183,7360,4077294,11788,6631889
2018/1/22,小型臺指期貨,投信,0,0,0,0,0,0,249,139714,0,0,249,139714
2018/1/22,小型臺指期貨,外資及陸資,33347,18609372,36080,20136439,-2733,-1527067,3346,1876557,2548,1429628,798,446929
2018/1/23,小型臺指期貨,自營商,10852,6075516,13507,7551718,-2655,-1476202,18519,10357193,9402,5210406,9117,5146787
2018/1/23,小型臺指期貨,投信,40,22456,0,0,40,22456,289,162201,0,0,289,162201
2018/1/23,小型臺指期貨,外資及陸資,31820,17849818,32851,18431377,-1031,-581559,2522,1414627,2755,1546184,-233,-131557
2018/1/24,小型臺指期貨,自營商,12592,7011651,17544,9763922,-4952,-2752271,15736,8716760,12261,6747182,3475,1969578
2018/1/24,小型臺指期貨,投信,0,0,0,0,0,0,289,160756,0,0,289,160756
2018/1/24,小型臺指期貨,外資及陸資,38756,21596379,37512,20901506,1244,694873,2780,1545669,1830,1017758,950,527911
2018/1/25,小型臺指期貨,自營商,14834,8280597,15010,8379943,-176,-99346,16496,9156731,13337,7359780,3159,1796951
2018/1/25,小型臺指期貨,投信,0,0,0,0,0,0,289,161103,0,0,289,161103
2018/1/25,小型臺指期貨,外資及陸資,55285,30899308,52832,29534295,2453,1365014,5121,2854007,1722,959694,3399,1894313
2018/1/26,小型臺指期貨,自營商,12284,6834272,12086,6721417,198,112856,15905,8825585,12540,6912122,3365,1913463
2018/1/26,小型臺指期貨,投信,0,0,0,0,0,0,289,161031,0,0,289,161031
2018/1/26,小型臺指期貨,外資及陸資,46849,26078597,47108,26229422,-259,-150825,4953,2759175,629,350289,4324,2408886
2018/1/29,小型臺指期貨,自營商,6313,3524156,6490,3618604,-177,-94448,15710,8758141,12766,7072641,2944,1685500
2018/1/29,小型臺指期貨,投信,0,0,210,117180,-210,-117180,79,44228,0,0,79,44228
2018/1/29,小型臺指期貨,外資及陸資,34011,19028726,33272,18617895,739,410832,5706,3193911,643,359841,5063,2834070
2018/1/30,小型臺指期貨,自營商,9323,5181416,11651,6468088,-2328,-1286672,13673,7528951,13821,7565859,-148,-36908
2018/1/30,小型臺指期貨,投信,0,0,0,0,0,0,79,43707,0,0,79,43707
2018/1/30,小型臺指期貨,外資及陸資,40325,22456912,40186,22382994,139,73918,5738,3174009,539,298020,5199,2875989
2018/1/31,小型臺指期貨,自營商,15673,8665504,15109,8355607,564,309897,14270,7880934,13831,7593410,439,287524
2018/1/31,小型臺指期貨,投信,0,0,0,0,0,0,79,43837,0,0,79,43837
2018/1/31,小型臺指期貨,外資及陸資,49268,27270344,48868,27059537,400,210807,7003,3885446,1423,789455,5580,3095991
2018/2/1,小型臺指期貨,自營商,8442,4698831,8209,4573806,233,125025,13341,7407264,12653,6985307,688,421957
2018/2/1,小型臺指期貨,投信,0,0,0,0,0,0,79,44082,0,0,79,44082
2018/2/1,小型臺指期貨,外資及陸資,33438,18656495,34913,19477559,-1475,-821063,5623,3137164,1530,853596,4093,2283568
2018/2/2,小型臺指期貨,自營商,13220,7333585,13762,7628257,-542,-294672,13567,7501823,13413,7374935,154,126888
2018/2/2,小型臺指期貨,投信,0,0,0,0,0,0,79,43900,0,0,79,43900
2018/2/2,小型臺指期貨,外資及陸資,45402,25192632,46947,26055877,-1545,-863245,3780,2100154,1216,675602,2564,1424552
2018/2/5,小型臺指期貨,自營商,18949,10324064,19978,10890636,-1029,-566572,13579,7364355,14518,7839544,-939,-475189
2018/2/5,小型臺指期貨,投信,0,0,0,0,0,0,79,43162,0,0,79,43162
2018/2/5,小型臺指期貨,外資及陸資,46320,25291410,49555,27080437,-3235,-1789027,792,432335,1387,757639,-595,-325304
2018/2/6,小型臺指期貨,自營商,58353,30567411,61862,32425205,-3509,-1857795,17141,8825490,21597,11092889,-4456,-2267399
2018/2/6,小型臺指期貨,投信,0,0,0,0,0,0,79,41064,0,0,79,41064
2018/2/6,小型臺指期貨,外資及陸資,138244,72529489,137481,72140307,763,389182,2771,1439816,2603,1352633,168,87183
2018/2/7,小型臺指期貨,自營商,35828,18865837,34440,18143651,1388,722186,16842,8780332,19497,10138293,-2655,-1357961
2018/2/7,小型臺指期貨,投信,0,0,0,0,0,0,79,41546,0,0,79,41546
2018/2/7,小型臺指期貨,外資及陸資,101182,53344705,100587,53037853,595,306852,1777,934159,1130,593668,647,340491
2018/2/8,小型臺指期貨,自營商,14713,7742179,16089,8465103,-1376,-722925,15181,7907961,19364,10074333,-4183,-2166372
2018/2/8,小型臺指期貨,投信,0,0,0,0,0,0,79,41546,0,0,79,41546
2018/2/8,小型臺指期貨,外資及陸資,59556,31385617,59624,31418691,-68,-33074,2354,1237628,1779,934810,575,302818
2018/2/9,小型臺指期貨,自營商,36154,18579052,36335,18680062,-181,-101010,14635,7492462,21267,10880368,-6632,-3387906
2018/2/9,小型臺指期貨,投信,0,0,0,0,0,0,79,40894,0,0,79,40894
2018/2/9,小型臺指期貨,外資及陸資,94228,48467760,94842,48812451,-614,-344691,1288,666248,1327,685744,-39,-19496
2018/2/12,小型臺指期貨,自營商,19155,9914147,17862,9232414,1293,681732,14775,7601672,20186,10371396,-5411,-2769724
2018/2/12,小型臺指期貨,投信,25,12979,27,14059,-2,-1080,77,40043,0,0,77,40043
2018/2/12,小型臺指期貨,外資及陸資,68041,35226394,68707,35574969,-666,-348575,1501,780821,2206,1145870,-705,-365049
2018/2/21,小型臺指期貨,自營商,18805,9948175,12458,6590567,6347,3357608,11314,5959428,12028,6313350,-714,-353922
2018/2/21,小型臺指期貨,投信,262,139312,52,27582,210,111730,287,153344,40,21372,247,131972
2018/2/21,小型臺指期貨,外資及陸資,41759,22112398,36928,19556294,4831,2556104,2972,1587659,937,500415,2035,1087244
2018/2/22,小型臺指期貨,自營商,6688,3558159,8404,4466783,-1716,-908624,10045,5252607,12579,6570345,-2534,-1317738
2018/2/22,小型臺指期貨,投信,0,0,0,0,0,0,287,152454,40,21248,247,131206
2018/2/22,小型臺指期貨,外資及陸資,34102,18156602,39142,20841704,-5040,-2685102,134,70911,3095,1643838,-2961,-1572927
2018/2/23,小型臺指期貨,自營商,9750,5214116,8547,4573752,1203,640364,11471,6098840,12706,6741696,-1235,-642856
2018/2/23,小型臺指期貨,投信,0,0,0,0,0,0,287,154722,40,21564,247,133158
2018/2/23,小型臺指期貨,外資及陸資,40056,21449191,36525,19563276,3531,1885915,2184,1176935,1618,872046,566,304889
2018/2/26,小型臺指期貨,自營商,6095,3292390,6596,3562061,-501,-269671,11166,5957680,12858,6848837,-1692,-891157
2018/2/26,小型臺指期貨,投信,0,0,0,0,0,0,287,155267,40,21640,247,133627
2018/2/26,小型臺指期貨,外資及陸資,29181,15793428,31440,17015820,-2259,-1222393,287,154816,1980,1070964,-1693,-916148
2018/2/27,小型臺指期貨,自營商,6925,3749381,7505,4065724,-580,-316342,10970,5833033,13242,7033447,-2272,-1200414
2018/2/27,小型臺指期貨,投信,1,541,0,0,1,541,288,155362,40,21578,248,133784
2018/2/27,小型臺指期貨,外資及陸資,31948,17337595,31249,16959817,699,377778,1249,673308,2243,1209762,-994,-536454
2018/3/1,小型臺指期貨,自營商,12059,6457490,11963,6405751,96,51739,11631,6157206,13464,7115374,-1833,-958168
2018/3/1,小型臺指期貨,投信,0,0,0,0,0,0,288,154570,40,21468,248,133102
2018/3/1,小型臺指期貨,外資及陸資,47536,25490609,46858,25133824,678,356785,806,432096,1139,611079,-333,-178983
2018/3/2,小型臺指期貨,自營商,14023,7458722,13451,7151621,572,307101,12031,6331924,13632,7157896,-1601,-825972
2018/3/2,小型臺指期貨,投信,0,0,0,0,0,0,288,153763,40,21356,248,132407
2018/3/2,小型臺指期貨,外資及陸資,61312,32688738,61597,32839659,-285,-150921,792,422244,1482,791015,-690,-368771
2018/3/5,小型臺指期貨,自營商,12415,6600969,13217,7027462,-802,-426494,11678,6113159,14261,7456892,-2583,-1343733
2018/3/5,小型臺指期貨,投信,0,0,0,0,0,0,288,153101,40,21264,248,131837
2018/3/5,小型臺指期貨,外資及陸資,62166,33123858,64119,34166615,-1953,-1042757,625,331683,3392,1802862,-2767,-1471179
2018/3/6,小型臺指期貨,自營商,11764,6300637,10032,5373453,1732,927184,13804,7346453,14679,7794707,-875,-448254
2018/3/6,小型臺指期貨,投信,0,0,0,0,0,0,288,155318,40,21572,248,133746
2018/3/6,小型臺指期貨,外資及陸資,50307,26955113,46446,24889053,3861,2066060,2087,1124885,993,535182,1094,589703
2018/3/7,小型臺指期貨,自營商,11686,6277412,14109,7575903,-2423,-1298491,12359,6521153,15311,8073846,-2952,-1552693
2018/3/7,小型臺指期貨,投信,0,0,0,0,0,0,288,154195,40,21416,248,132779
2018/3/7,小型臺指期貨,外資及陸資,48723,26230185,50730,27313487,-2007,-1083302,824,440566,1682,899973,-858,-459407
2018/3/8,小型臺指期貨,自營商,9067,4883491,8388,4524623,679,358868,14511,7754458,16492,8806678,-1981,-1052220
2018/3/8,小型臺指期貨,投信,0,0,0,0,0,0,288,155909,40,21654,248,134255
2018/3/8,小型臺指期貨,外資及陸資,43526,23480191,37538,20252000,5988,3228191,5985,3239139,891,481668,5094,2757471
2018/3/9,小型臺指期貨,自營商,8694,4713143,7836,4247168,858,465975,15579,8360252,16534,8860255,-955,-500003
2018/3/9,小型臺指期貨,投信,0,0,0,0,0,0,288,156413,40,21724,248,134689
2018/3/9,小型臺指期貨,外資及陸資,40914,22208754,41998,22799029,-1084,-590275,4937,2680578,915,496208,4022,2184370
2018/3/12,小型臺指期貨,自營商,12081,6605114,9945,5451436,2136,1153678,19896,10859037,18715,10201156,1181,657881
2018/3/12,小型臺指期貨,投信,0,0,0,0,0,0,288,158717,40,22044,248,136673
2018/3/12,小型臺指期貨,外資及陸資,35250,19325500,32408,17767433,2842,1558067,7711,4248727,875,481401,6836,3767326
2018/3/13,小型臺指期貨,自營商,9394,5183078,9387,5182806,7,272,22126,12170648,20874,11471511,1252,699137
2018/3/13,小型臺指期貨,投信,0,0,0,0,0,0,288,159826,40,22198,248,137628
2018/3/13,小型臺指期貨,外資及陸資,32558,17987813,30626,16923067,1932,1064746,9761,5415913,993,550149,8768,4865764
2018/3/14,小型臺指期貨,自營商,13048,7197251,13103,7226160,-55,-28909,21869,11952952,20381,11125633,1488,827319
2018/3/14,小型臺指期貨,投信,0,0,0,0,0,0,288,158832,40,22060,248,136772
2018/3/14,小型臺指期貨,外資及陸資,37635,20790572,40747,22511505,-3112,-1720933,6956,3835369,1376,757779,5580,3077590
2018/3/15,小型臺指期貨,自營商,10044,5526027,9712,5346885,332,179142,23869,13064102,22061,12064708,1808,999394
2018/3/15,小型臺指期貨,投信,0,0,0,0,0,0,288,158990,40,22082,248,136908
2018/3/15,小型臺指期貨,外資及陸資,37499,20672757,36156,19935558,1343,737199,8647,4772645,1724,950200,6923,3822445
2018/3/16,小型臺指期貨,自營商,16773,9203064,16984,9309638,-211,-106575,23107,12609901,21678,11815464,1429,794437
2018/3/16,小型臺指期貨,投信,0,0,420,231192,-420,-231192,48,26438,220,121176,-172,-94738
2018/3/16,小型臺指期貨,外資及陸資,48182,26468713,50433,27711313,-2251,-1242600,6724,3702445,2052,1128425,4672,2574020
2018/3/19,小型臺指期貨,自營商,10052,5522642,10444,5739046,-392,-216404,21708,11846176,18603,10129193,3105,1716983
2018/3/19,小型臺指期貨,投信,6,3301,6,3308,0,-6,48,26456,220,121286,-172,-94830
2018/3/19,小型臺指期貨,外資及陸資,33803,18594675,35396,19472959,-1593,-878284,5162,2844439,2083,1146273,3079,1698166
2018/3/20,小型臺指期貨,自營商,12631,6924374,11471,6287761,1160,636613,23338,12719910,19021,10341182,4317,2378728
2018/3/20,小型臺指期貨,投信,242,133094,242,132833,0,261,48,26379,220,120859,-172,-94480
2018/3/20,小型臺指期貨,外資及陸資,33876,18598098,33885,18604510,-9,-6412,5524,3037816,2454,1348285,3070,1689531
2018/3/21,小型臺指期貨,自營商,14560,8020702,14694,8097525,-134,-76823,14541,7885342,7756,4144660,6785,3740682
2018/3/21,小型臺指期貨,投信,0,0,0,0,0,0,38,20906,210,115532,-172,-94626
2018/3/21,小型臺指期貨,外資及陸資,29345,16176177,29807,16431834,-462,-255657,2809,1544776,2053,1129248,756,415528
2018/3/22,小型臺指期貨,自營商,12981,7153944,15868,8738127,-2887,-1584183,13742,7434889,9940,5335391,3802,2099498
2018/3/22,小型臺指期貨,投信,10,5518,10,5518,0,0,48,26376,220,120890,-172,-94514
2018/3/22,小型臺指期貨,外資及陸資,51886,28636009,52206,28817378,-320,-181369,2388,1311608,1952,1072424,436,239184
2018/3/23,小型臺指期貨,自營商,14301,7712290,15671,8446880,-1370,-734590,15658,8283272,13322,7008419,2336,1274853
2018/3/23,小型臺指期貨,投信,420,226101,0,0,420,226101,258,138456,10,5367,248,133089
2018/3/23,小型臺指期貨,外資及陸資,67271,36354595,70085,37890003,-2814,-1535407,1043,559221,3417,1833512,-2374,-1274291
2018/3/26,小型臺指期貨,自營商,14837,7966034,11220,6021595,3617,1944439,15156,8091978,10043,5302133,5113,2789845
2018/3/26,小型臺指期貨,投信,0,0,0,0,0,0,258,139836,10,5420,248,134416
2018/3/26,小型臺指期貨,外資及陸資,55224,29724171,54442,29303742,782,420430,952,515504,2520,1365502,-1568,-849998
2018/3/27,小型臺指期貨,自營商,13329,7266162,12588,6864903,741,401258,14369,7770513,9299,4969048,5070,2801465
2018/3/27,小型臺指期貨,投信,0,0,0,0,0,0,258,141758,10,5495,248,136263
2018/3/27,小型臺指期貨,外資及陸資,49868,27208318,48888,26669977,980,538341,1672,918103,2220,1219430,-548,-301327
2018/3/28,小型臺指期貨,自營商,11504,6254217,13750,7463886,-2246,-1209669,14422,7681547,11396,6018781,3026,1662766
2018/3/28,小型臺指期貨,投信,0,0,0,0,0,0,258,139565,10,5410,248,134155
2018/3/28,小型臺指期貨,外資及陸資,49261,26827949,55153,30037636,-5892,-3209687,387,208771,6773,3663367,-6386,-3454596
2018/3/29,小型臺指期貨,自營商,11064,5975454,11572,6247449,-508,-271995,14417,7694183,12111,6418114,2306,1276069
2018/3/29,小型臺指期貨,投信,0,0,210,113805,-210,-113805,78,42276,40,21680,38,20596
2018/3/29,小型臺指期貨,外資及陸資,60674,32822280,57443,31072528,3231,1749752,1413,765283,4516,2447008,-3103,-1681725
2018/3/30,小型臺指期貨,自營商,8627,4699017,7325,3994590,1302,704427,14558,7822455,10946,5832025,3612,1990430
2018/3/30,小型臺指期貨,投信,0,0,0,0,0,0,78,42580,40,21836,38,20744
2018/3/30,小型臺指期貨,外資及陸資,40530,22129358,36739,20065592,3791,2063766,3890,2122883,3242,1769307,648,353576
2018/3/31,小型臺指期貨,自營商,4583,2502856,3313,1808896,1270,693960,15548,8366490,10746,5724971,4802,2641519
2018/3/31,小型臺指期貨,投信,0,0,0,0,0,0,78,42604,40,21848,38,20756
2018/3/31,小型臺指期貨,外資及陸資,1859,1016478,1803,985942,56,30536,3940,2151327,3236,1767014,704,384313
2018/4/2,小型臺指期貨,自營商,7408,4029314,8221,4469614,-813,-440300,15119,8089632,11086,5876292,4033,2213340
2018/4/2,小型臺指期貨,投信,0,0,0,0,0,0,78,42366,40,21726,38,20640
2018/4/2,小型臺指期貨,外資及陸資,36665,19974125,37863,20627579,-1198,-653453,2118,1149746,2612,1418095,-494,-268349
2018/4/3,小型臺指期貨,自營商,9945,5347172,11696,6286477,-1751,-939305,15013,7972517,12731,6715768,2282,1256749
2018/4/3,小型臺指期貨,投信,0,0,0,0,0,0,78,42054,40,21566,38,20488
2018/4/3,小型臺指期貨,外資及陸資,53167,28639260,56455,30412914,-3288,-1773654,1381,743985,5039,2716067,-3658,-1972082
2018/4/9,小型臺指期貨,自營商,15887,8608988,12536,6798990,3351,1809997,17586,9457588,11919,6353346,5667,3104242
2018/4/9,小型臺指期貨,投信,0,0,0,0,0,0,78,42522,40,21806,38,20716
2018/4/9,小型臺指期貨,外資及陸資,53668,29117797,48954,26562628,4714,2555170,3214,1751294,2073,1129232,1141,622062
2018/4/10,小型臺指期貨,自營商,13884,7569155,12618,6882372,1266,686783,17619,9511240,9766,5204743,7853,4306497
2018/4/10,小型臺指期貨,投信,0,0,0,0,0,0,78,42697,40,21896,38,20801
2018/4/10,小型臺指期貨,外資及陸資,51382,28074063,51568,28174773,-186,-100711,3671,2008697,2716,1485734,955,522963
2018/4/11,小型臺指期貨,自營商,11825,6477085,9387,5144057,2438,1333029,19773,10718201,9340,4989139,10433,5729062
2018/4/11,小型臺指期貨,投信,16,8768,0,0,16,8768,94,51592,40,21954,54,29638
2018/4/11,小型臺指期貨,外資及陸資,37098,20354791,36455,20000110,643,354681,3509,1925089,1889,1035605,1620,889484
2018/4/12,小型臺指期貨,自營商,10418,5696459,13010,7110878,-2592,-1414419,18999,10262524,11302,6045499,7697,4217025
2018/4/12,小型臺指期貨,投信,0,0,0,0,0,0,94,51427,40,21884,54,29543
2018/4/12,小型臺指期貨,外資及陸資,43571,23872852,44299,24269845,-728,-396993,3601,1969466,2617,1430258,984,539208
2018/4/13,小型臺指期貨,自營商,11042,6035519,10815,5914514,227,121005,19086,10326456,10214,5462443,8872,4864013
2018/4/13,小型臺指期貨,投信,0,0,0,0,0,0,94,51498,40,21914,54,29584
2018/4/13,小型臺指期貨,外資及陸資,34246,18758628,32784,17956745,1462,801884,5090,2787941,2644,1447223,2446,1340718
2018/4/16,小型臺指期貨,自營商,11603,6334637,11725,6405051,-122,-70414,19472,10525585,10174,5439989,9298,5085596
2018/4/16,小型臺指期貨,投信,6,3279,6,3283,0,-4,94,51423,40,21884,54,29539
2018/4/16,小型臺指期貨,外資及陸資,37390,20457105,38423,21018929,-1033,-561825,4273,2337205,2852,1558956,1421,778249
2018/4/17,小型臺指期貨,自營商,14004,7602632,20562,11151453,-6558,-3548821,16892,9003489,14240,7560832,2652,1442657
2018/4/17,小型臺指期貨,投信,32,17294,48,25957,-16,-8663,78,42117,40,21614,38,20503
2018/4/17,小型臺指期貨,外資及陸資,39811,21632596,42337,23002961,-2526,-1370365,4968,2684006,6041,3260231,-1073,-576225
2018/4/18,小型臺指期貨,自營商,25450,13782454,24320,13177556,1130,604898,13541,7224759,8071,4252979,5470,2971780
2018/4/18,小型臺指期貨,投信,220,119286,40,21680,180,97606,258,139901,40,21690,218,118211
2018/4/18,小型臺指期貨,外資及陸資,49008,26563732,47242,25608362,1766,955369,492,266551,4231,2293922,-3739,-2027371
2018/4/19,小型臺指期貨,自營商,12132,6606788,8430,4602349,3702,2004439,18634,10089029,9466,5073239,9168,5015790
2018/4/19,小型臺指期貨,投信,0,0,0,0,0,0,258,141474,40,21934,218,119540
2018/4/19,小型臺指期貨,外資及陸資,42717,23313024,35353,19302976,7364,4010048,4964,2721603,1367,749358,3597,1972245
2018/4/20,小型臺指期貨,自營商,15904,8607832,18569,10035301,-2665,-1427469,14359,7628499,9456,4971769,4903,2656730
2018/4/20,小型臺指期貨,投信,0,0,180,97185,-180,-97185,78,42065,40,21572,38,20493
2018/4/20,小型臺指期貨,外資及陸資,47080,25488029,63539,34440977,-16459,-8952948,250,134604,12916,6964210,-12666,-6829606
2018/4/23,小型臺指期貨,自營商,11945,6393897,13205,7055521,-1260,-661625,12713,6684343,10050,5237144,2663,1447199
2018/4/23,小型臺指期貨,投信,0,0,0,0,0,0,78,41695,40,21382,38,20313
2018/4/23,小型臺指期貨,外資及陸資,51042,27372486,52948,28393196,-1906,-1020710,367,195978,14895,7960741,-14528,-7764763
2018/4/24,小型臺指期貨,自營商,13826,7329116,16697,8834334,-2871,-1505217,10442,5417783,11214,5790359,-772,-372576
2018/4/24,小型臺指期貨,投信,0,0,0,0,0,0,78,41282,40,21170,38,20112
2018/4/24,小型臺指期貨,外資及陸資,59311,31512917,58926,31308971,385,203946,250,132130,14393,7615765,-14143,-7483635
2018/4/25,小型臺指期貨,自營商,16716,8765784,16323,8558235,393,207548,10958,5660365,11034,5662837,-76,-2472
2018/4/25,小型臺指期貨,投信,0,0,0,0,0,0,78,41087,40,21070,38,20017
2018/4/25,小型臺指期貨,外資及陸資,69649,36641451,68592,36079444,1057,562008,482,253751,13587,7156054,-13105,-6902303
2018/4/26,小型臺指期貨,自營商,11600,6095432,11580,6080774,20,14658,11006,5653457,11066,5642623,-60,10834
2018/4/26,小型臺指期貨,投信,0,0,0,0,0,0,78,40853,40,20950,38,19903
2018/4/26,小型臺指期貨,外資及陸資,63361,33406861,64499,34006410,-1138,-599549,211,110294,14458,7571481,-14247,-7461187
2018/4/27,小型臺指期貨,自營商,10387,5444436,8484,4450531,1903,993905,13513,7023204,11402,5875901,2111,1147303
2018/4/27,小型臺指期貨,投信,0,0,0,0,0,0,78,41184,40,21120,38,20064
2018/4/27,小型臺指期貨,外資及陸資,49754,26166537,46042,24214111,3712,1952426,869,458659,11456,6047866,-10587,-5589207
2018/4/30,小型臺指期貨,自營商,10749,5680462,10128,5357728,621,322734,14640,7683941,11572,6020231,3068,1663710
2018/4/30,小型臺指期貨,投信,12,6357,0,0,12,6357,90,47939,40,21306,50,26633
2018/4/30,小型臺指期貨,外資及陸資,48554,25715231,50053,26509437,-1499,-794205,1118,595304,13208,7034345,-12090,-6439041
2018/5/2,小型臺指期貨,自營商,9222,4896191,8413,4461970,809,434221,13260,6923071,9474,4882679,3786,2040392
2018/5/2,小型臺指期貨,投信,0,0,0,0,0,0,90,47741,40,21218,50,26523
2018/5/2,小型臺指期貨,外資及陸資,36719,19530618,37017,19688540,-298,-157922,964,511083,13228,7015876,-12264,-6504793
2018/5/3,小型臺指期貨,自營商,9210,4844893,10226,5370719,-1016,-525826,12941,6692176,10159,5189928,2782,1502248
2018/5/3,小型臺指期貨,投信,0,0,0,0,0,0,90,47277,40,21012,50,26265
2018/5/3,小型臺指期貨,外資及陸資,47022,24789759,50339,26541593,-3317,-1751834,530,278164,16075,8443283,-15545,-8165119
2018/5/4,小型臺指期貨,自營商,11881,6214802,12331,6450203,-450,-235401,12267,6346491,10411,5332148,1856,1014343
2018/5/4,小型臺指期貨,投信,0,0,0,0,0,0,90,47349,40,21044,50,26305
2018/5/4,小型臺指期貨,外資及陸資,57826,30330244,56027,29387595,1799,942649,619,325382,4917,2585929,-4298,-2260547
2018/5/7,小型臺指期貨,自營商,11815,6226169,11179,5895799,636,330371,12779,6660038,10155,5239139,2624,1420899
2018/5/7,小型臺指期貨,投信,0,0,0,0,0,0,90,47673,40,21188,50,26485
2018/5/7,小型臺指期貨,外資及陸資,49899,26358124,48065,25387117,1834,971008,1859,984521,4323,2289027,-2464,-1304506
2018/5/8,小型臺指期貨,自營商,10371,5497609,7064,3748068,3307,1749542,16026,8434287,10015,5206893,6011,3227394
2018/5/8,小型臺指期貨,投信,0,0,0,0,0,0,90,48002,40,21334,50,26668
2018/5/8,小型臺指期貨,外資及陸資,34737,18451352,31566,16764268,3171,1687084,3271,1744302,2556,1362561,715,381741
2018/5/9,小型臺指期貨,自營商,13060,6970051,9708,5184046,3352,1786004,17891,9456940,8151,4231708,9740,5225232
2018/5/9,小型臺指期貨,投信,0,0,4,2140,-4,-2140,86,46023,40,21406,46,24617
2018/5/9,小型臺指期貨,外資及陸資,37996,20311614,37915,20265023,81,46591,3119,1668868,2240,1198045,879,470823
2018/5/10,小型臺指期貨,自營商,10980,5881213,8723,4678740,2257,1202473,21796,11609115,9819,5161215,11977,6447900
2018/5/10,小型臺指期貨,投信,0,0,0,0,0,0,86,46281,40,21526,46,24755
2018/5/10,小型臺指期貨,外資及陸資,31628,16989725,32591,17503163,-963,-513438,2316,1246141,2400,1290887,-84,-44746
2018/5/11,小型臺指期貨,自營商,15186,8196022,12354,6680615,2832,1515407,24201,13009658,9264,4913920,14937,8095738
2018/5/11,小型臺指期貨,投信,0,0,0,0,0,0,86,46698,40,21720,46,24978
2018/5/11,小型臺指期貨,外資及陸資,33911,18354391,29961,16219527,3950,2134864,5599,3039994,1909,1035937,3690,2004057
2018/5/14,小型臺指期貨,自營商,13210,7180857,12671,6904333,539,276525,25231,13686776,9159,4911312,16072,8775464
2018/5/14,小型臺指期貨,投信,0,0,0,0,0,0,86,47111,40,21912,46,25199
2018/5/14,小型臺指期貨,外資及陸資,33911,18505756,33760,18424220,151,81537,5806,3179069,1965,1075853,3841,2103216
2018/5/15,小型臺指期貨,自營商,12043,6559288,12749,6935630,-706,-376342,24843,13368864,9633,5127591,15210,8241273
2018/5/15,小型臺指期貨,投信,86,46884,86,46918,0,-34,46,24955,0,0,46,24955
2018/5/15,小型臺指期貨,外資及陸資,31400,17137956,32400,17685587,-1000,-547632,4940,2682637,1964,1066386,2976,1616251
2018/5/16,小型臺指期貨,自營商,16602,9001440,16942,9192138,-340,-190698,10233,5443786,5623,2958778,4610,2485008
2018/5/16,小型臺指期貨,投信,0,0,0,0,0,0,46,25029,0,0,46,25029
2018/5/16,小型臺指期貨,外資及陸資,38684,21016187,39436,21426307,-752,-410121,2147,1168135,465,252727,1682,915408
2018/5/17,小型臺指期貨,自營商,7321,3962610,8216,4439735,-895,-477126,10284,5445872,6661,3495855,3623,1950017
2018/5/17,小型臺指期貨,投信,30,16239,0,0,30,16239,76,41131,0,0,76,41131
2018/5/17,小型臺指期貨,外資及陸資,31696,17229625,34330,18664161,-2634,-1434537,354,191539,1306,706517,-952,-514978
2018/5/18,小型臺指期貨,自營商,6736,3630865,7241,3903829,-505,-272964,10059,5319272,6969,3656115,3090,1663157
2018/5/18,小型臺指期貨,投信,0,0,0,0,0,0,76,41112,0,0,76,41112
2018/5/18,小型臺指期貨,外資及陸資,30833,16697465,30888,16728262,-55,-30797,373,201731,1380,745830,-1007,-544099
2018/5/21,小型臺指期貨,自營商,10410,5639229,7686,4177687,2724,1461542,13266,7130976,7428,3965277,5838,3165699
2018/5/21,小型臺指期貨,投信,0,0,0,0,0,0,76,41659,0,0,76,41659
2018/5/21,小型臺指期貨,外資及陸資,30540,16641768,30019,16346058,521,295710,1593,873180,2075,1136669,-482,-263489
2018/5/22,小型臺指期貨,自營商,8979,4898521,8354,4541526,625,356995,14235,7634676,7716,4097577,6519,3537099
2018/5/22,小型臺指期貨,投信,0,0,0,0,0,0,76,41496,0,0,76,41496
2018/5/22,小型臺指期貨,外資及陸資,33310,18247791,35546,19475776,-2236,-1227985,477,259635,3195,1744051,-2718,-1484416
2018/5/23,小型臺指期貨,自營商,9653,5250187,10660,5780493,-1007,-530306,12908,6876114,7378,3882034,5530,2994080
2018/5/23,小型臺指期貨,投信,0,0,0,0,0,0,76,41257,0,0,76,41257
2018/5/23,小型臺指期貨,外資及陸資,38634,21070131,39526,21553073,-892,-482941,343,185406,3910,2121152,-3567,-1935746
2018/5/24,小型臺指期貨,自營商,7609,4106948,6425,3474526,1184,632422,14399,7724049,7657,4064951,6742,3659098
2018/5/24,小型臺指期貨,投信,0,0,0,0,0,0,76,41485,0,0,76,41485
2018/5/24,小型臺指期貨,外資及陸資,39660,21559470,37722,20507880,1938,1051589,690,375837,2319,1265367,-1629,-889530
2018/5/25,小型臺指期貨,自營商,7742,4200333,7175,3895519,567,304814,15231,8178681,7710,4095432,7521,4083249
2018/5/25,小型臺指期貨,投信,0,0,0,0,0,0,76,41542,0,0,76,41542
2018/5/25,小型臺指期貨,外資及陸資,39740,21691818,39838,21742630,-98,-50812,473,257431,2200,1202098,-1727,-944667
2018/5/28,小型臺指期貨,自營商,7091,3863553,5506,2998674,1585,864879,16533,8927000,7427,3958976,9106,4968024
2018/5/28,小型臺指期貨,投信,0,0,0,0,0,0,76,41735,0,0,76,41735
2018/5/28,小型臺指期貨,外資及陸資,29370,16086668,29323,16060827,47,25841,335,182532,2015,1106211,-1680,-923679
2018/5/29,小型臺指期貨,自營商,7004,3812026,6320,3422459,684,389566,17542,9441964,7744,4104718,9798,5337246
2018/5/29,小型臺指期貨,投信,0,0,30,16396,-30,-16396,46,25137,0,0,46,25137
2018/5/29,小型臺指期貨,外資及陸資,30717,16781993,31685,17312689,-968,-530696,174,94171,2822,1541453,-2648,-1447282
2018/5/30,小型臺指期貨,自營商,9938,5354900,15973,8574797,-6035,-3219896,12854,6800525,9824,5141906,3030,1658619
2018/5/30,小型臺指期貨,投信,0,0,0,0,0,0,46,24785,0,0,46,24785
2018/5/30,小型臺指期貨,外資及陸資,39811,21543760,45408,24576256,-5597,-3032496,62,32579,8279,4458401,-8217,-4425822
2018/5/31,小型臺指期貨,自營商,9239,4966522,8024,4326369,1215,640153,13898,7414957,9753,5157495,4145,2257462
2018/5/31,小型臺指期貨,投信,0,0,0,0,0,0,46,24990,0,0,46,24990
2018/5/31,小型臺指期貨,外資及陸資,36983,20035070,35845,19417476,1138,617594,280,151283,7359,3995606,-7079,-3844323
2018/6/1,小型臺指期貨,自營商,9464,5109697,6876,3723527,2588,1386170,15845,8501390,9192,4887824,6653,3613566
2018/6/1,小型臺指期貨,投信,0,0,0,0,0,0,46,25102,0,0,46,25102
2018/6/1,小型臺指期貨,外資及陸資,34700,18871539,31337,17046904,3363,1824635,631,343504,4339,2366614,-3708,-2023110
2018/6/4,小型臺指期貨,自營商,11513,6281476,7340,4030462,4173,2251014,19654,10703818,8896,4804265,10758,5899553
2018/6/4,小型臺指期貨,投信,0,0,0,0,0,0,46,25493,0,0,46,25493
2018/6/4,小型臺指期貨,外資及陸資,28337,15602088,24165,13308460,4172,2293627,1470,812443,1014,561116,456,251327
2018/6/5,小型臺指期貨,自營商,8341,4595474,7285,4002254,1056,593219,20536,11183877,8722,4699288,11814,6484589
2018/6/5,小型臺指期貨,投信,0,0,0,0,0,0,46,25459,0,0,46,25459
2018/6/5,小型臺指期貨,外資及陸資,31867,17655078,32915,18238967,-1048,-583890,1250,689801,1846,1020437,-596,-330636
2018/6/6,小型臺指期貨,自營商,16938,9381926,10078,5587205,6860,3794721,27896,15405803,9173,5010680,18723,10395123
2018/6/6,小型臺指期貨,投信,0,0,0,0,0,0,46,25755,0,0,46,25755
2018/6/6,小型臺指期貨,外資及陸資,31893,17744284,32980,18348834,-1087,-604550,1159,645598,2773,1551081,-1614,-905483
2018/6/7,小型臺指期貨,自營商,8880,4945367,9246,5142695,-366,-197328,27806,15395810,9449,5172106,18357,10223704
2018/6/7,小型臺指期貨,投信,0,0,0,0,0,0,46,25822,0,0,46,25822
2018/6/7,小型臺指期貨,外資及陸資,35348,19808231,38105,21354060,-2757,-1545829,837,468121,5208,2921896,-4371,-2453775
2018/6/8,小型臺指期貨,自營商,8047,4468520,8690,4802995,-643,-334475,27222,14943156,9520,5152709,17702,9790447
2018/6/8,小型臺指期貨,投信,0,0,0,0,0,0,46,25588,0,0,46,25588
2018/6/8,小型臺指期貨,外資及陸資,34865,19466088,37986,21207896,-3121,-1741809,582,322788,8074,4489016,-7492,-4166228
2018/6/11,小型臺指期貨,自營商,7559,4175219,7909,4367097,-350,-191878,27127,14892866,9775,5293271,17352,9599595
2018/6/11,小型臺指期貨,投信,0,0,0,0,0,0,46,25594,0,0,46,25594
2018/6/11,小型臺指期貨,外資及陸資,32598,18129127,35110,19524053,-2512,-1394926,619,343533,10627,5909512,-10008,-5565979
2018/6/12,小型臺指期貨,自營商,11395,6293475,11059,6103406,336,190069,27570,15154612,9954,5399353,17616,9755259
2018/6/12,小型臺指期貨,投信,0,0,0,0,0,0,46,25624,0,0,46,25624
2018/6/12,小型臺指期貨,外資及陸資,48134,26732066,48966,27192371,-832,-460304,673,374077,11541,6423233,-10868,-6049156
2018/6/13,小型臺指期貨,自營商,10959,6062210,9521,5266112,1438,796098,27521,15121057,9925,5376506,17596,9744551
2018/6/13,小型臺指期貨,投信,0,0,0,0,0,0,46,25636,0,0,46,25636
2018/6/13,小型臺指期貨,外資及陸資,33926,18882603,34772,19349924,-846,-467321,401,222590,12033,6698415,-11632,-6475825
2018/6/14,小型臺指期貨,自營商,8752,4820636,14525,7950432,-5773,-3129796,23059,12472523,11424,6089334,11635,6383189
2018/6/14,小型臺指期貨,投信,0,0,0,0,0,0,46,25266,0,0,46,25266
2018/6/14,小型臺指期貨,外資及陸資,31789,17585853,35658,19735414,-3869,-2149561,210,114490,15711,8621238,-15501,-8506748
2018/6/15,小型臺指期貨,自營商,8922,4865576,8203,4481352,719,384224,23088,12552312,11494,6163134,11594,6389178
2018/6/15,小型臺指期貨,投信,14,7714,14,7738,0,-24,34,18767,0,0,34,18767
2018/6/15,小型臺指期貨,外資及陸資,40581,22297351,39265,21584098,1316,713253,1120,611497,15293,8446225,-14173,-7834728
2018/6/19,小型臺指期貨,自營商,11913,6465907,13729,7409780,-1816,-943873,21467,11494116,12825,6762672,8642,4731444
2018/6/19,小型臺指期貨,投信,44,23495,32,17454,12,6041,46,24444,0,0,46,24444
2018/6/19,小型臺指期貨,外資及陸資,40673,22176656,44541,24279852,-3868,-2103196,446,237651,18327,9938529,-17881,-9700878
2018/6/20,小型臺指期貨,自營商,19374,10411568,21408,11534541,-2034,-1122973,11272,5966408,12349,6559161,-1077,-592753
2018/6/20,小型臺指期貨,投信,0,0,0,0,0,0,46,24700,0,0,46,24700
2018/6/20,小型臺指期貨,外資及陸資,49166,26537784,46492,25114232,2674,1423552,1457,781993,510,273715,947,508278
2018/6/21,小型臺指期貨,自營商,6889,3684169,6975,3725321,-86,-41151,10937,5771810,12124,6418242,-1187,-646432
2018/6/21,小型臺指期貨,投信,0,0,0,0,0,0,46,24626,0,0,46,24626
2018/6/21,小型臺指期貨,外資及陸資,34587,18531574,37467,20077137,-2880,-1545562,960,513625,2893,1548625,-1933,-1035000
2018/6/22,小型臺指期貨,自營商,8737,4635507,10334,5472866,-1597,-837359,10191,5351966,13087,6894280,-2896,-1542314
2018/6/22,小型臺指期貨,投信,28,14933,0,0,28,14933,74,39424,0,0,74,39424
2018/6/22,小型臺指期貨,外資及陸資,39165,20829280,43024,22882950,-3859,-2053670,591,314540,6383,3400310,-5792,-3085770
2018/6/25,小型臺指期貨,自營商,7742,4107457,7921,4192410,-179,-84954,9224,4808285,12259,6406850,-3035,-1598565
2018/6/25,小型臺指期貨,投信,9,4779,0,0,9,4779,83,43924,0,0,83,43924
2018/6/25,小型臺指期貨,外資及陸資,34668,18430270,35201,18711647,-533,-281377,366,193647,6663,3525519,-6297,-3331872
2018/6/26,小型臺指期貨,自營商,11811,6212373,12855,6754175,-1044,-541803,8334,4344972,12477,6525864,-4143,-2180892
2018/6/26,小型臺指期貨,投信,3,1585,0,0,3,1585,86,45546,0,0,86,45546
2018/6/26,小型臺指期貨,外資及陸資,51525,27162714,52403,27625327,-878,-462613,464,245754,7567,4006743,-7103,-3760989
2018/6/27,小型臺指期貨,自營商,9951,5251975,10065,5307525,-114,-55550,8270,4294100,12876,6709653,-4606,-2415553
2018/6/27,小型臺指期貨,投信,0,0,0,0,0,0,86,45391,0,0,86,45391
2018/6/27,小型臺指期貨,外資及陸資,38321,20276101,39784,21052999,-1463,-776898,106,55604,8693,4587274,-8587,-4531670
2018/6/28,小型臺指期貨,自營商,11032,5794960,11487,6027308,-455,-232347,8736,4530525,13837,7194449,-5101,-2663924
2018/6/28,小型臺指期貨,投信,1,525,0,0,1,525,87,45775,0,0,87,45775
2018/6/28,小型臺指期貨,外資及陸資,53357,28103772,55949,29470495,-2592,-1366723,354,185825,11533,6067456,-11179,-5881631
2018/6/29,小型臺指期貨,自營商,11764,6208115,9678,5117982,2086,1090133,10925,5754863,13980,7387059,-3055,-1632196
2018/6/29,小型臺指期貨,投信,0,0,0,0,0,0,87,46445,0,0,87,46445
2018/6/29,小型臺指期貨,外資及陸資,49782,26343787,45135,23877273,4647,2466514,906,482900,7438,3970225,-6532,-3487325
2018/7/2,小型臺指期貨,自營商,10361,5515393,9499,5050118,862,465275,10682,5590863,12915,6772523,-2233,-1181660
2018/7/2,小型臺指期貨,投信,5,2658,0,0,5,2658,92,48806,0,0,92,48806
2018/7/2,小型臺指期貨,外資及陸資,38816,20707316,38199,20381150,617,326166,836,442858,6791,3602326,-5955,-3159468
2018/7/3,小型臺指期貨,自營商,17153,9085688,15793,8349815,1360,735873,10709,5612228,11710,6132251,-1001,-520023
2018/7/3,小型臺指期貨,投信,2,1059,0,0,2,1059,94,49919,0,0,94,49919
2018/7/3,小型臺指期貨,外資及陸資,66045,35085732,67907,36069483,-1862,-983751,497,262651,8322,4418825,-7825,-4156174
2018/7/4,小型臺指期貨,自營商,9221,4878598,9606,5084212,-385,-205614,11048,5786656,12564,6581395,-1516,-794739
2018/7/4,小型臺指期貨,投信,9,4781,0,0,9,4781,103,54678,0,0,103,54678
2018/7/4,小型臺指期貨,外資及陸資,41611,22077643,41613,22077026,-2,618,666,352405,8531,4527840,-7865,-4175435
2018/7/5,小型臺指期貨,自營商,11289,5943495,13309,6990618,-2020,-1047123,11303,5859744,14563,7546975,-3260,-1687231
2018/7/5,小型臺指期貨,投信,2,1062,0,0,2,1062,105,55130,0,0,105,55130
2018/7/5,小型臺指期貨,外資及陸資,50279,26553662,54969,29027664,-4690,-2474002,749,392614,13304,6980343,-12555,-6587729
2018/7/6,小型臺指期貨,自營商,14839,7762901,13718,7172726,1121,590175,11476,5970851,13647,7091441,-2171,-1120590
2018/7/6,小型臺指期貨,投信,8,4210,0,0,8,4210,113,59540,0,0,113,59540
2018/7/6,小型臺指期貨,外資及陸資,67961,35676760,68073,35732009,-112,-55250,687,361969,13398,7054189,-12711,-6692220
2018/7/9,小型臺指期貨,自營商,13359,7048241,11684,6186635,1675,861606,14009,7377664,15025,7921997,-1016,-544333
2018/7/9,小型臺指期貨,投信,5,2660,0,0,5,2660,118,62906,0,0,118,62906
2018/7/9,小型臺指期貨,外資及陸資,49366,26202103,45223,24001891,4143,2200212,1376,732799,9980,5314612,-8604,-4581813
2018/7/10,小型臺指期貨,自營商,9561,5099598,7121,3797713,2440,1301885,15978,8460523,14554,7705452,1424,755071
2018/7/10,小型臺指期貨,投信,15,8034,0,0,15,8034,133,71208,0,0,133,71208
2018/7/10,小型臺指期貨,外資及陸資,35976,19253043,34021,18204321,1955,1048722,1038,555232,7739,4137170,-6701,-3581938
2018/7/11,小型臺指期貨,自營商,14554,7706132,14846,7845331,-292,-139200,14782,7761560,13759,7210219,1023,551341
2018/7/11,小型臺指期貨,投信,5,2652,0,0,5,2652,138,73237,0,0,138,73237
2018/7/11,小型臺指期貨,外資及陸資,43910,23303499,45623,24211647,-1713,-908148,905,479739,9290,4923774,-8385,-4444035
2018/7/12,小型臺指期貨,自營商,16152,8576817,13004,6923312,3148,1653505,18295,9718025,14280,7584122,4015,2133903
2018/7/12,小型臺指期貨,投信,0,0,0,0,0,0,138,74092,0,0,138,74092
2018/7/12,小型臺指期貨,外資及陸資,43698,23315676,39309,20969529,4389,2346147,2031,1088769,6051,3238905,-4020,-2150136
2018/7/13,小型臺指期貨,自營商,14632,7864105,11345,6105777,3287,1758327,22509,12087764,13399,7185943,9110,4901821
2018/7/13,小型臺指期貨,投信,0,0,0,0,0,0,138,74851,0,0,138,74851
2018/7/13,小型臺指期貨,外資及陸資,35610,19219366,35641,19234654,-31,-15288,1973,1067994,6064,3279194,-4091,-2211200
2018/7/16,小型臺指期貨,自營商,12236,6607494,10443,5632818,1793,974676,24173,12959170,12482,6673108,11691,6286062
2018/7/16,小型臺指期貨,投信,15,8024,35,18922,-20,-10897,140,75605,0,0,140,75605
2018/7/16,小型臺指期貨,外資及陸資,30476,16512639,32092,17384407,-1616,-871767,1663,898504,7370,3973295,-5707,-3074791
2018/7/17,小型臺指期貨,自營商,9931,5339703,11369,6096905,-1438,-757201,23124,12354556,13791,7344952,9333,5009604
2018/7/17,小型臺指期貨,投信,124,66112,125,67311,-1,-1199,139,74080,0,0,139,74080
2018/7/17,小型臺指期貨,外資及陸資,34874,18780413,37304,20087259,-2430,-1306846,1389,746859,9526,5113211,-8137,-4366352
2018/7/18,小型臺指期貨,自營商,19153,10305233,19957,10753673,-804,-448441,13483,7183647,10836,5778054,2647,1405593
2018/7/18,小型臺指期貨,投信,0,0,0,0,0,0,139,74476,0,0,139,74476
2018/7/18,小型臺指期貨,外資及陸資,41134,22162152,39170,21107372,1964,1054780,436,233604,1832,981509,-1396,-747905
2018/7/19,小型臺指期貨,自營商,10088,5408432,9263,4964009,825,444423,15485,8257849,11965,6384315,3520,1873534
2018/7/19,小型臺指期貨,投信,4,2144,3,1608,1,536,140,75040,0,0,140,75040
2018/7/19,小型臺指期貨,外資及陸資,38585,20743832,36543,19645736,2042,1098096,2475,1326723,1825,978022,650,348701
2018/7/20,小型臺指期貨,自營商,15602,8406546,12870,6937506,2732,1469040,18910,10186116,12702,6845769,6208,3340347
2018/7/20,小型臺指期貨,投信,6,3242,0,0,6,3242,146,79015,0,0,146,79015
2018/7/20,小型臺指期貨,外資及陸資,61071,32944298,55615,30005623,5456,2938675,7756,4197436,1710,925428,6046,3272008
2018/7/23,小型臺指期貨,自營商,10535,5700352,9126,4938096,1409,762255,18998,10240716,11353,6119676,7645,4121040
2018/7/23,小型臺指期貨,投信,2,1081,0,0,2,1081,148,80135,0,0,148,80135
2018/7/23,小型臺指期貨,外資及陸資,42699,23118737,44627,24162151,-1928,-1043413,5909,3199438,1791,969691,4118,2229747
2018/7/24,小型臺指期貨,自營商,6730,3643713,6512,3527905,218,115808,19077,10319945,11274,6100085,7803,4219860
2018/7/24,小型臺指期貨,投信,3,1630,0,0,3,1630,151,82076,0,0,151,82076
2018/7/24,小型臺指期貨,外資及陸資,31278,16950289,33030,17899905,-1752,-949616,4770,2592758,2404,1306614,2366,1286144
2018/7/25,小型臺指期貨,自營商,6531,3548790,6872,3732849,-341,-184060,18661,10087279,11066,5980961,7595,4106318
2018/7/25,小型臺指期貨,投信,0,0,26,14137,-26,-14137,125,67900,0,0,125,67900
2018/7/25,小型臺指期貨,外資及陸資,29551,16068834,29198,15876347,353,192487,4856,2637651,2191,1190100,2665,1447551
2018/7/26,小型臺指期貨,自營商,7680,4179488,7326,3988376,354,191112,19718,10705694,11737,6372907,7981,4332787
2018/7/26,小型臺指期貨,投信,1,546,0,0,1,546,126,68758,0,0,126,68758
2018/7/26,小型臺指期貨,外資及陸資,35794,19501218,31709,17278641,4085,2222577,8821,4813299,2071,1130130,6750,3683169
2018/7/27,小型臺指期貨,自營商,7660,4189823,8442,4623167,-782,-433344,21695,11863390,14496,7933920,7199,3929470
2018/7/27,小型臺指期貨,投信,0,0,0,0,0,0,126,69243,0,0,126,69243
2018/7/27,小型臺指期貨,外資及陸資,30075,16471503,26677,14611394,3398,1860109,12148,6675422,2008,1103577,10140,5571845
2018/7/30,小型臺指期貨,自營商,7625,4181511,6664,3652380,961,529131,21775,11853299,13295,7239386,8480,4613913
2018/7/30,小型臺指期貨,投信,0,0,0,0,0,0,126,68916,0,0,126,68916
2018/7/30,小型臺指期貨,外資及陸資,36089,19813894,37204,20424929,-1115,-611035,11106,6074045,2085,1140591,9021,4933454
2018/7/31,小型臺指期貨,自營商,9023,4938657,8658,4743580,365,195077,22393,12247619,13588,7435518,8805,4812101
2018/7/31,小型臺指期貨,投信,1,546,0,0,1,546,127,69787,0,0,127,69787
2018/7/31,小型臺指期貨,外資及陸資,30801,16873200,30048,16462820,753,410381,11717,6437966,1947,1070036,9770,5367930
2018/8/1,小型臺指期貨,自營商,6770,3727531,6628,3652515,142,75016,22192,12192971,13104,7204065,9088,4988906
2018/8/1,小型臺指期貨,投信,7,3868,0,0,7,3868,134,73995,0,0,134,73995
2018/8/1,小型臺指期貨,外資及陸資,26896,14829910,26576,14652578,320,177332,12115,6689051,1950,1076755,10165,5612296
2018/8/2,小型臺指期貨,自營商,9414,5152891,10987,5997669,-1573,-844778,20385,11028917,12882,6967728,7503,4061189
2018/8/2,小型臺指期貨,投信,0,0,0,0,0,0,134,72842,0,0,134,72842
2018/8/2,小型臺指期貨,外資及陸資,42140,23089326,47048,25772479,-4908,-2683154,1071,582020,5330,2897297,-4259,-2315277
2018/8/3,小型臺指期貨,自營商,7551,4120695,8557,4677661,-1006,-556966,20856,11378388,14391,7857498,6465,3520890
2018/8/3,小型臺指期貨,投信,0,0,0,0,0,0,134,73479,0,0,134,73479
2018/8/3,小型臺指期貨,外資及陸資,32581,17821332,29632,16210830,2949,1610502,2599,1424503,3917,2147737,-1318,-723234
2018/8/6,小型臺指期貨,自營商,9666,5307385,9808,5385596,-142,-78211,22366,12220480,16039,8771665,6327,3448815
2018/8/6,小型臺指期貨,投信,0,0,0,0,0,0,134,73566,0,0,134,73566
2018/8/6,小型臺指期貨,外資及陸資,37538,20635020,36407,20013699,1131,621321,2186,1199556,2377,1304835,-191,-105279
2018/8/7,小型臺指期貨,自營商,6654,3648042,7800,4276434,-1146,-628392,21956,11982053,16755,9153910,5201,2828143
2018/8/7,小型臺指期貨,投信,0,0,0,0,0,0,134,73486,0,0,134,73486
2018/8/7,小型臺指期貨,外資及陸資,29550,16219325,28966,15899108,584,320217,2575,1411822,2182,1196412,393,215410
2018/8/8,小型臺指期貨,自營商,9052,4983972,8867,4890872,185,93100,24195,13297887,18772,10335336,5423,2962551
2018/8/8,小型臺指期貨,投信,0,0,0,0,0,0,134,74015,0,0,134,74015
2018/8/8,小型臺指期貨,外資及陸資,27726,15301246,25707,14188195,2019,1113051,4099,2263424,1640,905593,2459,1357831
2018/8/9,小型臺指期貨,自營商,9127,5021791,8597,4727073,530,294717,24033,13180899,18032,9901572,6001,3279327
2018/8/9,小型臺指期貨,投信,9,4958,0,0,9,4958,143,78772,0,0,143,78772
2018/8/9,小型臺指期貨,外資及陸資,30164,16614850,29400,16193939,764,420911,4873,2683637,1650,908561,3223,1775076
2018/8/10,小型臺指期貨,自營商,7829,4295706,9471,5196073,-1642,-900367,22508,12279881,18305,10000436,4203,2279445
2018/8/10,小型臺指期貨,投信,1,549,0,0,1,549,144,78919,0,0,144,78919
2018/8/10,小型臺指期貨,外資及陸資,26145,14368259,27020,14848843,-875,-480584,4037,2212404,1701,931731,2336,1280673
2018/8/13,小型臺指期貨,自營商,16876,9131639,21142,11413741,-4266,-2282102,19398,10392919,20585,11037993,-1187,-645074
2018/8/13,小型臺指期貨,投信,0,0,0,0,0,0,144,77443,0,0,144,77443
2018/8/13,小型臺指期貨,外資及陸資,51866,28062201,61657,33368178,-9791,-5305978,743,399497,8210,4411548,-7467,-4012051
2018/8/14,小型臺指期貨,自營商,15110,8137873,16163,8712223,-1053,-574350,19986,10761918,22386,12072469,-2400,-1310551
2018/8/14,小型臺指期貨,投信,144,77680,144,77887,0,-207,144,77674,0,0,144,77674
2018/8/14,小型臺指期貨,外資及陸資,44745,24125131,43886,23663213,859,461918,1003,541904,4427,2391047,-3424,-1849143
2018/8/15,小型臺指期貨,自營商,18412,9889760,22277,11951043,-3865,-2061283,13850,7373004,14969,7972961,-1119,-599957
2018/8/15,小型臺指期貨,投信,0,0,0,0,0,0,144,76889,0,0,144,76889
2018/8/15,小型臺指期貨,外資及陸資,46448,24944742,50933,27354478,-4485,-2409736,199,106222,5644,3013462,-5445,-2907240
2018/8/16,小型臺指期貨,自營商,9739,5180792,10180,5416316,-441,-235523,13378,7127153,14710,7841856,-1332,-714703
2018/8/16,小型臺指期貨,投信,2,1064,0,0,2,1064,146,78015,0,0,146,78015
2018/8/16,小型臺指期貨,外資及陸資,52900,28177803,51381,27370793,1519,807010,1222,652933,340,181522,882,471411
2018/8/17,小型臺指期貨,自營商,9043,4834530,7382,3947273,1661,887256,15726,8361096,15397,8187596,329,173500
2018/8/17,小型臺指期貨,投信,0,0,0,0,0,0,146,77825,0,0,146,77825
2018/8/17,小型臺指期貨,外資及陸資,35922,19219453,39361,21061736,-3439,-1842283,426,227044,2943,1568602,-2517,-1341558
2018/8/20,小型臺指期貨,自營商,6647,3543846,7547,4023475,-900,-479629,14919,7939394,15302,8145790,-383,-206396
2018/8/20,小型臺指期貨,投信,0,0,0,0,0,0,146,77891,0,0,146,77891
2018/8/20,小型臺指期貨,外資及陸資,43421,23164971,43039,22962593,382,202377,267,142446,2402,1281315,-2135,-1138869
2018/8/21,小型臺指期貨,自營商,8604,4613089,7262,3895626,1342,717464,14038,7535230,12915,6935033,1123,600197
2018/8/21,小型臺指期貨,投信,0,0,0,0,0,0,146,78592,0,0,146,78592
2018/8/21,小型臺指期貨,外資及陸資,35456,19010268,33885,18165915,1571,844353,778,418790,1318,709361,-540,-290571
